gPeoDA,,Uw==,,,,,Uw==,,Uw==
gfeoDA,,W1RpbWUgQWRtaW5pc3RyYXRvcl0KU2NlbmFyaW8gTW9kZSBJbnB1dCBWMTkwMTA4,,,,,W0FkbWluaXN0cmFkb3JdCk1vZG8gSGlzdMOzcmlhIFYxOTAxMDg=,,W0FkbWluaXN0cmFkb3JdCk1vZG8gSGlzdG9yaWEgVjE5MDEwOA==
gveoDA,,SSBxdWl0Lg==,,,,,U2Fpcg==,,U2FsaXI=
g/eoDA,,RW50ZXI=,,,,,RW50cmFy,,RW50cmFy
hPeoDA,,MA==,,,,,MA==,,MA==
hfeoDA,,MQ==,,,,,MQ==,,MQ==
hveoDA,,VmljdGltICN7MH0=,,,,,VsOtdGltYSN7MH0=,,VsOtY3RpbWEjezB9
h/eoDA,,U2NobWlkdA==,,,,,U2NobWlkdA==,,U2NobWlkdA==
iPeoDA,,W1NjaG1pZHRdCkkgYW0gc3BlYWtpbmcgd2l0aCB0aGUgR3JlYXQgU2FnZS4gUGxlYXNlIHdhaXQgYSBtb21lbnQuLi4=,,,,,W1NjaG1pZHRdCkVzdG91IGZhbGFuZG8gY29tIG8gR3JhbmRlIFPDoWJpbywgcG9yIGZhdm9yIGFndWFyZGUuLi4=,,W1NjaG1pZHRdCkVzdG95IGhhYmxhbmRvIGNvbiBlbCBHcmFuIFNhYmlvLCBwb3IgZmF2b3IgZXNwZXJhLi4u
ifeoDA,,VmFybXVudCdzIFBoYW50b20=,,,,,SWx1c8OjbyBkZSBWYXJtdW50,,SWx1c2nDs24gZGUgVmFybXVudA==
iveoDA,,TXkga2luZywgc3RvcC4gVGhpcyBpcyBub3QgYSBwbGFjZSB5b3UgY2FuIHJ1c2ggaW50byBvbiBhIG1vbWVudCBvZiByZWNrbGVzcyBicmF2YWRvLg==,,,,,UGFyZSwgdm9zc2EgbWFqZXN0YWRlLiBFc3NlIG7Do28gw6kgbyBtb21lbnRvIHBhcmEgaXNzby4=,,QWx0bywgc3UgbWFqZXN0YWQuIEVzdGUgbm8gZXMgZWwgbW9tZW50byBwYXJhIGVzby4=
i/eoDA,,W1Zhcm11bnQncyBQaGFudG9tXQpTdGFuZCBiYWNrLiBUaGlzIHBsYWNlIGhhcyBiZWNvbWUgc29tZXdoZXJlIG5vIGxpdmluZyBodW1hbiBjYW4gZW50ZXIu,,,,,W0lsdXPDo28gZGUgVmFybXVudF0KVm9sdGUuIEFxdWkgZXN0w6Egc2UgdHJhbnNmb3JtYW5kbyBlbSB1bSBsdWdhciBvbmRlIG5lbmh1bSBzZXIgdml2byBwb2RlIGVudHJhci4=,,W0lsdXNpw7NuIGRlIFZhcm11bnRdClJlZ3Jlc2EuIEVzdG8gc2UgZXN0w6EgY29udmlydGllbmRvIGVuIHVuIGx1Z2FyIGRvbmRlIG5pbmfDum4gc2VyIHZpdm8gcHVlZGUgZW50cmFyLg==
jPeoDA,,W1NjaG1pZHRdCkdyZWF0IFNhZ2UuIFdoYXQgaXMgdGhlIG1lYW5pbmcgb2YgdGhpcz8gSSBjYW5jZWxlZCBhbGwgbXkgYXBwb2ludG1lbnRzIGFuZCBodXJyaWVkIGJhY2suIEFuZCB3aGVyZSBpcyBIZWlucmljaD8=,,,,,W1NjaG1pZHRdCkdyYW5kZSBTw6FiaW8uIENvbW8gaXNzbyBhY29udGVjZXU/IENhbmNlbGVpIHRvZG9zIG9zIG1ldXMgcGxhbm9zIGUgdmltIHLDoXBpZG8uIE9uZGUgZXN0w6EgSGVpbnJpY2g/,,W1NjaG1pZHRdCkdyYW4gU2FiaW8uIMK/Q8OzbW8gb2N1cnJpw7MgZXN0bz8gQ2FuY2Vsw6kgdG9kb3MgbWlzIHBsYW5lcyB5IHZpbmUgcsOhcGlkby4gwr9Ew7NuZGUgZXN0w6EgSGVpbnJpY2g/
jfeoDA,,W1Zhcm11bnQncyBQaGFudG9tXQpJIHVuZGVyc3RhbmQgdGhlIHNpdHVhdGlvbiBpbiBicm9hZCB0ZXJtcywgYnV0IGEgY3Vyc2UgYnJvdWdodCBvbiBieSBIaW1tZWxtZXogaGFzIHNwcmVhZCB0aHJvdWdob3V0IHRoaXMgZW50aXJlIGNhc3RsZS4gR29pbmcgaW5zaWRlIHJpZ2h0IG5vdyBpcyBleHRyZW1lbHkgZGFuZ2Vyb3VzLg==,,,,,W0lsdXPDo28gZGUgVmFybXVudF0KRW50ZW5kaSBhIHNpdHVhw6fDo28sIG1hcyBhIG1hbGRpw6fDo28gY2F1c2FkYSBwb3IgSGltbWVsbWV6IHNlIGVzcGFsaG91IHBvciB0b2RvIGVzdGUgY2FzdGVsby4gw4kgZXh0cmVtYW1lbnRlIHBlcmlnb3NvIGVudHJhciBhZ29yYS4=,,W0lsdXNpw7NuIGRlIFZhcm11bnRdCkVudGllbmRvIGxhIHNpdHVhY2nDs24sIHBlcm8gbGEgbWFsZGljacOzbiBjYXVzYWRhIHBvciBIaW1tZWxtZXogc2UgaGEgZXh0ZW5kaWRvIHBvciB0b2RvIGVzdGUgY2FzdGlsbG8uIEVzIGV4dHJlbWFkYW1lbnRlIHBlbGlncm9zbyBlbnRyYXIgYWhvcmEu
jveoDA,,W1NjaG1pZHRdCkhvd2V2ZXIsIHRoZXJlIGFyZSBzdGlsbCBtYW55IHBlb3BsZSB3aG8gaGF2ZW4ndCBiZWVuIGFibGUgdG8gdGFrZSBzaGVsdGVyIGluc2lkZSB0aGUgY2FzdGxlLiBTaG91bGRuJ3Qgd2UgZXZhY3VhdGUgdGhlbSBmaXJzdD8=,,,,,W1NjaG1pZHRdCk5vIGVudGFudG8sIGjDoSBtdWl0YXMgcGVzc29hcyBkZW50cm8gZG8gY2FzdGVsbyBxdWUgYWluZGEgbsOjbyBzYcOtcmFtLiBOw6NvIGRldmVyw61hbW9zIHJldGlyw6EtbGFzIHByaW1laXJvPw==,,W1NjaG1pZHRdClNpbiBlbWJhcmdvLCBoYXkgbXVjaGFzIHBlcnNvbmFzIGRlbnRybyBkZWwgY2FzdGlsbG8gcXVlIGHDum4gbm8gaGFuIHNhbGlkby4gwr9ObyBkZWJlcsOtYW1vcyBzYWNhcmxhcyBwcmltZXJvPw==
j/eoDA,,W1Zhcm11bnQncyBQaGFudG9tXQpTaXIgSGVpbnJpY2ggaXMgaW4gY29tbWFuZCBvZiBpdC4gV2hhdCB5b3UgbXVzdCBkbyBub3cgaXMgZXZhY3VhdGUgYW5kIHRoZW4gaGVscCBicmluZyB0aGlzIHNpdHVhdGlvbiB1bmRlciBjb250cm9sLCBub3QgcmVja2xlc3NseSBydXNoIGludG8gdGhlIGNhc3RsZS4=,,,,,W0lsdXPDo28gZGUgVmFybXVudF0KSGVpbnJpY2ggZXN0w6EgY29tYW5kYW5kbyBpc3NvLiBPIHF1ZSB2b2PDqiBwcmVjaXNhIGZhemVyIGFnb3JhIMOpIGV2YWN1YXIsIG7Do28gY29ycmVyIHBhcmEgZGVudHJvIGRvIGNhc3RlbG8gZGUgZm9ybWEgaW1wcnVkZW50ZS4=,,W0lsdXNpw7NuIGRlIFZhcm11bnRdCkhlaW5yaWNoIGVzdMOhIGEgY2FyZ28gZGUgZXNvLiBMbyBxdWUgbmVjZXNpdGFzIGhhY2VyIGFob3JhIGVzIGV2YWN1YXIsIG5vIGVudHJhciBpbXBydWRlbnRlbWVudGUgYWwgY2FzdGlsbG8u
kPeoDA,,W1NjaG1pZHRdCllvdSdyZSByaWdodCwgYnV0IEkgaGF2ZSBhbm90aGVyIHJlYXNvbiBmb3Igd2FudGluZyB0byBnbyBpbnNpZGUgdGhlIGNhc3RsZS4=,,,,,W1NjaG1pZHRdClZvY8OqIGVzdMOhIGNlcnRvLCBtYXMgaMOhIG91dHJvIG1vdGl2byBwZWxvIHF1YWwgZXUgcXVlcm8gZW50cmFyIG5vIGNhc3RlbG8u,,W1NjaG1pZHRdClRpZW5lcyByYXrDs24sIHBlcm8gaGF5IG90cm8gbW90aXZvIHBvciBlbCBjdWFsIHF1aWVybyBlbnRyYXIgYWwgY2FzdGlsbG8u
kfeoDA,,W1NjaG1pZHRdCkkga25vdyBhIGJpdCBhYm91dCBjdXJzZXMgbGlrZSB0aGlzLiBJIHN1c3BlY3QgdGhlcmXigJlzIHNvbWV0aGluZyBhY3RpbmcgYXMgYSBjYXRhbHlzdCBpbnNpZGUgdGhlIGNhc3RsZS4gSWYgd2UgZG9u4oCZdCBkZXN0cm95IGl0Li4u,,,,,W1NjaG1pZHRdCkV1IHNlaSB1bSBwb3VjbyBzb2JyZSBlc3NlIHRpcG8gZGUgbWFsZGnDp8Ojby4gQWNobyBxdWUgcHJvdmF2ZWxtZW50ZSBow6EgYWxnbyBubyBjYXN0ZWxvIHF1ZSBhdHVhIGNvbW8gdW0gY2F0YWxpc2Fkb3IuIFNlIG7Do28gbyBkZXN0cnVpcm1vcy4uLg==,,W1NjaG1pZHRdClPDqSB1biBwb2NvIHNvYnJlIGVzdGUgdGlwbyBkZSBtYWxkaWNpw7NuLiBDcmVvIHF1ZSBwcm9iYWJsZW1lbnRlIGhheSBhbGdvIGVuIGVsIGNhc3RpbGxvIHF1ZSBhY3TDumEgY29tbyBjYXRhbGl6YWRvci4gU2kgbm8gbG8gZGVzdHJ1aW1vcy4uLg==
kveoDA,,W1Zhcm11bnQncyBQaGFudG9tXQpZb3UgbWVudGlvbmVkIHRoZSBjdXJzZSBtYWdpYywgeWVzPyBUaGF0IGlzIGV4YWN0bHkgd2h5IGl0IGNhbm5vdCBiZSBkb25lLg==,,,,,W0lsdXPDo28gZGUgVmFybXVudF0KVm9jw6ogZmFsb3UgbWFsZGnDp8OjbywgbsOjbyBmb2k/IMOJIHBvciBpc3NvIHF1ZSB2b2PDqiBuw6NvIHZhaSBjb25zZWd1aXIgYWp1ZGFyIG11aXRvLg==,,W0lsdXNpw7NuIGRlIFZhcm11bnRdCk1lbmNpb25hc3RlIG1hbGRpY2nDs24sIMK/dmVyZGFkPyBQb3IgZXNvIG5vIHZhcyBhIHBvZGVyIGF5dWRhciBtdWNoby4=
k/eoDA,,W1NjaG1pZHRdCldoYXQgZG8geW91IG1lYW4/IERvIHlvdSBtZWFuIHRoZSBHcmVhdCBTYWdlIGtub3dzIHdoYXQgdGhhdCBwcmVzZW5jZSByZWFsbHkgaXM/,,,,,W1NjaG1pZHRdCk8gR3JhbmRlIFPDoWJpbyBjb25oZWNlIGEgaWRlbnRpZGFkZSBkZXNzYSBlbmVyZ2lhPw==,,W1NjaG1pZHRdCsK/RWwgR3JhbiBTYWJpbyBjb25vY2UgbGEgaWRlbnRpZGFkIGRlIGVzYSBlbmVyZ8OtYT8=
lPeoDA,,W1Zhcm11bnQncyBQaGFudG9tXQpJIHdpbGwgZXhwbGFpbiB0aGUgZGV0YWlscyBsYXRlciwgc28gcGxlYXNlIGxlYXZlIHRoaXMgcGxhY2UuIE9yIHdvdWxkIHlvdSByYXRoZXIgZmFjZSBteSB0cnVlIHNlbGYsIG5vdCBqdXN0IGEgcGhhbnRvbT8=,,,,,W0lsdXPDo28gZGUgVmFybXVudF0KRXhwbGljYXJlaSBvcyBkZXRhbGhlcyBtYWlzIHRhcmRlLCBzYWlhIGRhcXVpLCBwb3IgZmF2b3IuIE91IHZvY8OqIHF1ZXIgZW5jYXJhciBtZXUgdmVyZGFkZWlybyBldSBlbSB2ZXogZGUgdW1hIGlsdXPDo28/,,W0lsdXNpw7NuIGRlIFZhcm11bnRdCkV4cGxpY2Fyw6kgbG9zIGRldGFsbGVzIG3DoXMgdGFyZGUuIFBvciBmYXZvciwgc2FsIGRlIGFxdcOtLiDCv08gYWNhc28gcXVpZXJlcyBlbmZyZW50YXIgYSBtaSB2ZXJkYWRlcm8geW8gZW4gbHVnYXIgZGUgdW5hIGlsdXNpw7NuPw==
lfeoDA,,W1NjaG1pZHRdCllvdSBrbm93IGZ1bGwgd2VsbCB0aGUgc2l0dWF0aW9uIHdpbGwgbm90IGFsbG93IGl0LiBJIGFtIHRoZSBraW5nIG9mIHRoaXMgY29udGluZW50IGFuZCB0aGUgbWFzdGVyIG9mIHRoaXMgY2FzdGxlLiBJIGhhdmUgYSBkdXR5IHRvIGJyaW5nIHRoaXMgbWF0dGVyIHVuZGVyIGNvbnRyb2wu,,,,,W1NjaG1pZHRdClZvY8OqIHNhYmUgbXVpdG8gYmVtIHF1ZSBhIHF1ZXN0w6NvIG7Do28gw6kgZXNzYS4gRXUgc291IG8gcmVpIGRlc3RlIGNvbnRpbmVudGUgZSBvIGRvbm8gZGVzdGUgY2FzdGVsby4gVGVuaG8gbyBkZXZlciBkZSByZXNvbHZlciBlc3RhIHNpdHVhw6fDo28u,,W1NjaG1pZHRdClNhYmVzIG11eSBiaWVuIHF1ZSBubyBzZSB0cmF0YSBkZSBlc28uIFNveSBlbCByZXkgZGUgZXN0ZSBjb250aW5lbnRlIHkgZWwgZHVlw7FvIGRlIGVzdGUgY2FzdGlsbG8uIFRlbmdvIGVsIGRlYmVyIGRlIHJlc29sdmVyIGVzdGEgc2l0dWFjacOzbi4=
lveoDA,,W1Zhcm11bnQncyBQaGFudG9tXQpZb3VuZyBraW5nLCBJIGtub3cgYmV0dGVyIHRoYW4gYW55b25lIHRoYXQgdGhlcmUgaXMgbm90IHRoZSBzbGlnaHRlc3QgZmFsc2Vob29kIG9yIGhlc2l0YXRpb24gaW4geW91ciBoZWFydC4=,,,,,W0lsdXPDo28gZGUgVmFybXVudF0KSm92ZW0gcmVpLCBldSBzZWkgbWVsaG9yIGRvIHF1ZSBuaW5ndcOpbSBxdWUgbsOjbyBow6EgdW1hIMO6bmljYSBtZW50aXJhIG91IGhlc2l0YcOnw6NvIGVtIHNldSBjb3Jhw6fDo28u,,W0lsdXNpw7NuIGRlIFZhcm11bnRdCkpvdmVuIHJleSwgc8OpIG1lam9yIHF1ZSBuYWRpZSBxdWUgbm8gaGF5IHVuYSBzb2xhIG1lbnRpcmEgbmkgZHVkYSBlbiB0dSBjb3JhesOzbi4=
l/eoDA,,W1Zhcm11bnQncyBQaGFudG9tXQpCdXQgeW91ciBsaWZlIGlzIGFzIHByZWNpb3VzIGFzIHRoaXMgY29udGluZW50J3MgbGlmZS4gUGxlYXNlIGdvIGJhY2su,,,,,W0lsdXPDo28gZGUgVmFybXVudF0KTWFzIHN1YSB2aWRhIMOpIHTDo28gcHJlY2lvc2EgcXVhbnRvIGEgdmlkYSBkZXN0ZSBjb250aW5lbnRlLiBTYWlhIGRhcXVpLg==,,W0lsdXNpw7NuIGRlIFZhcm11bnRdClBlcm8gdHUgdmlkYSBlcyB0YW4gdmFsaW9zYSBjb21vIGxhIHZpZGEgZGUgZXN0ZSBjb250aW5lbnRlLiBTYWwgZGUgYXF1w60u
mPeoDA,,W1NjaG1pZHRdCkdyZWF0IFNhZ2UuLi4gTm8sIE1hc3Rlci4=,,,,,W1NjaG1pZHRdCkdyYW5kZSBTw6FiaW8uLi4gTsOjbywgTWVzdHJlLg==,,W1NjaG1pZHRdCkdyYW4gU2FiaW8uLi4gTm8sIE1hZXN0cm8u
mfeoDA,,W1NjaG1pZHRdCkNvdWxkIHlvdSB0ZWxsIG1lIGluIGEgYml0IG1vcmUgZGV0YWlsPw==,,,,,W1NjaG1pZHRdClZvY8OqIHBvZGVyaWEgbWUgY29udGFyIGNvbSBtYWlzIGRldGFsaGVzPw==,,W1NjaG1pZHRdCsK/UG9kcsOtYXMgY29udGFybWUgY29uIG3DoXMgZGV0YWxsZT8=
mveoDA,,W1Zhcm11bnQncyBQaGFudG9tXQpJIHdvdWxkIGxpa2UgdG8gdGVsbCB5b3UgZXZlcnl0aGluZyBpbiBkZXRhaWwsIHN0ZXAgYnkgc3RlcCwgYnV0IEkgYW0gaW4gdGhlIG1pZHN0IG9mIHRyYWNraW5nIEhpbW1lbG1leiwgc28gcmVncmV0dGFibHksIEkgZG8gbm90IGhhdmUgdGhlIHRpbWUgdG8gc3BhcmUgcmlnaHQgbm93Lg==,,,,,W0lsdXPDo28gZGUgVmFybXVudF0KRXUgZ29zdGFyaWEgZGUgY29udGFyIGEgaGlzdMOzcmlhIGVtIGRldGFsaGVzLCBtYXMgbWV1IGNvcnBvIG9yaWdpbmFsIGVzdMOhIHJhc3RyZWFuZG8gSGltbWVsbWV6Lg==,,W0lsdXNpw7NuIGRlIFZhcm11bnRdCk1lIGd1c3RhcsOtYSBjb250YXIgbGEgaGlzdG9yaWEgZW4gZGV0YWxsZSwgcGVybyBtaSBjdWVycG8gb3JpZ2luYWwgZXN0w6EgcmFzdHJlYW5kbyBhIEhpbW1lbG1lei4=
m/eoDA,,W1Zhcm11bnQncyBQaGFudG9tXQpCdXQgSSBjYW4gdGVsbCB5b3Ugb25lIHRoaW5nIGZvciBjZXJ0YWluLiBJZiB5b3UgdHVybiBiYWNrIG5vdyBhbmQgbGVhdmUgdGhpcyBwbGFjZSBhdCBvbmNlLCB5b3UgbWF5IGxpdmUgdG8gcmV0dXJuIGFub3RoZXIgZGF5Lg==,,,,,W0lsdXPDo28gZGUgVmFybXVudF0KTWFzIHZvdSBsaGUgZGl6ZXIgdW1hIGNvaXNhIGNsYXJhbWVudGUuIFNlIHZvY8OqIHNhaXIgZGFxdWkgZSBhZ29yYSwgZXUgY29udGFyZWkuIElzc28gw6kgdW1hIHByb21lc3NhLg==,,W0lsdXNpw7NuIGRlIFZhcm11bnRdClBlcm8gdGUgZGlyw6kgYWxnbyBjbGFyYW1lbnRlLiBTaSB0ZSB2YXMgZGUgYXF1w60gYWhvcmEsIHRlIGxvIGNvbnRhcsOpLiBFc28gZXMgdW5hIHByb21lc2Eu
nPeoDA,,W1Zhcm11bnQncyBQaGFudG9tXQpPZiBjb3Vyc2UsIEkgY2FuJ3QgZ3VhcmFudGVlIHRoZSBsaXZlcyBvZiB0aGUgb3RoZXJzIGluc2lkZSB0aGUgY2FzdGxlLCBidXQgd2UgaGF2ZSBubyBjaG9pY2UgcmlnaHQgbm93Lg==,,,,,W0lsdXPDo28gZGUgVmFybXVudF0KQ2xhcm8sIG7Do28gcG9kZW1vcyBnYXJhbnRpciBhIHZpZGEgZGUgb3V0cmFzIHBlc3NvYXMgbm8gY2FzdGVsbywgbWFzIG7Do28gaMOhIG5hZGEgcXVlIHBvc3NhbW9zIGZhemVyIGFnb3JhLg==,,W0lsdXNpw7NuIGRlIFZhcm11bnRdCkNsYXJvLCBubyBwb2RlbW9zIGdhcmFudGl6YXIgbGEgdmlkYSBkZSBvdHJhcyBwZXJzb25hcyBlbiBlbCBjYXN0aWxsbywgcGVybyBubyBoYXkgbmFkYSBxdWUgcG9kYW1vcyBoYWNlciBhaG9yYS4=
nfeoDA,,W1NjaG1pZHRdClRoZXkgYXJlIG15IHN1Ym9yZGluYXRlcyBhbmQgbXkgcGVvcGxlLiBJZiBhbnlvbmUgc3Vydml2ZWQsIHdlIG11c3Qgc2F2ZSB0aGVtLiBJIHdpbGwgcHJldGVuZCBJIGRpZCBub3QgaGVhciB3aGF0IHlvdSBzYWlkIGVhcmxpZXIu,,,,,W1NjaG1pZHRdCkVsZXMgc8OjbyBtZXVzIHN1Ym9yZGluYWRvcy4gRWxlcyBzw6NvIG8gTUVVIFBPVk8uIFNlIGhvdXZlciBzb2JyZXZpdmVudGVzLCBkZXZvIHNhbHbDoS1sb3Mu,,W1NjaG1pZHRdClNvbiBtaXMgc3Vib3JkaW5hZG9zLiBTb24gTUkgR0VOVEUuIFNpIGhheSBzb2JyZXZpdmllbnRlcywgZGVibyBzYWx2YXJsb3Mu
nveoDA,,W1NjaG1pZHRdCkkgd2lsbCBrZWVwIGdvaW5nIGluLg==,,,,,W1NjaG1pZHRdCkV1IHZvdSBmaWNhciBhcXVpIGUgY29udGludWFyLg==,,W1NjaG1pZHRdCk1lIHF1ZWRhcsOpIGFxdcOtIHkgY29udGludWFyw6ku
n/eoDA,,W1Zhcm11bnQncyBQaGFudG9tXQpXYWl0LCB5b3VuZyBraW5nISBZb3UgbXVzdCBub3QgbW92ZSBsaWtlIHRoYXQh,,,,,W0lsdXPDo28gZGUgVmFybXVudF0KRXNwZXJlLCBqb3ZlbSByZWkhIFZvY8OqIG7Do28gZGV2ZSBpciBlbWJvcmEgYXNzaW0h,,W0lsdXNpw7NuIGRlIFZhcm11bnRdCsKhRXNwZXJhLCBqb3ZlbiByZXkhIMKhTm8gZGViZXMgaXJ0ZSBhc8OtIQ==
oPeoDA,,Mg==,,,,,Mg==,,Mg==
ofeoDA,,T3NjYXI=,,,,,T3NjYXI=,,T3NjYXI=
oveoDA,,T2h+IERpZCB5b3UgaGF2ZSBhIGdvb2QgdGFsayB3aXRoIFZhcm11bnQ/,,,,,T2h+IENvbW8gZm9pIGEgY29udmVyc2EgY29tIFZhcm11bnQ/,,T2h+IMK/Q8OzbW8gZnVlIGxhIGNvbnZlcnNhY2nDs24gY29uIFZhcm11bnQ/
o/eoDA,,TW92ZSBxdWlja2x5LiBXZSBkb24ndCBoYXZlIG11Y2ggdGltZS4=,,,,,TsOjbyB0ZW1vcyBtdWl0byB0ZW1wbywgdsOhIGNvcnJlbmRvLg==,,Tm8gdGVuZW1vcyBtdWNobyB0aWVtcG8sIGNvcnJlLg==
pPeoDA,,W09zY2FyXQpPaCwgeW91IG1lYW4gaWYgaXTigJlzIG9rYXkgZm9yIG1lIHRvIHdhbGsgYXJvdW5kIGxpa2UgdGhpcz8gRG9u4oCZdCB3b3JyeS4gTXkgYm9keSBpcyBwcm90ZWN0ZWQgYnkgYW4gaW50ZXJkaW1lbnNpb25hbCBiYXJyaWVyLCBzbyBubyBvbmUgYnV0IHlvdSBjYW4gc2VlIG1lLg==,,,,,W09zY2FyXQpBaCwgZXN0w6EgdHVkbyBiZW0gc2UgZXUgYXBhcmVjZXIgYXNzaW0/IE7Do28gc2UgcHJlb2N1cGUuIEjDoSB1bWEgYmFycmVpcmEgZGltZW5zaW9uYWwgYW8gcmVkb3IgZG8gbWV1IGNvcnBvLCBlbnTDo28gbsOjbyBwb3NzbyBzZXIgdmlzdG8gcG9yIG5pbmd1w6ltIGFsw6ltIGRlIHZvY8OqLg==,,W09zY2FyXQpBaCwgwr9lc3TDoSBiaWVuIHNpIGFwYXJlemNvIGFzw60/IE5vIHRlIHByZW9jdXBlcy4gSGF5IHVuYSBiYXJyZXJhIGRpbWVuc2lvbmFsIGFscmVkZWRvciBkZSBtaSBjdWVycG8sIGFzw60gcXVlIG5vIHB1ZWRvIHNlciB2aXN0byBwb3IgbmFkaWUgbcOhcyBxdWUgcG9yIHRpLg==
pfeoDA,,W09zY2FyXQpXaGF0IGRvIHlvdSB0aGluaz8gRG8geW91IHRoaW5rIHRoZXJl4oCZcyBhIHdheSB0byB0dXJuIHRoZXNlIHBlb3BsZeKAmXMgc3RvcnkgaW50byBzb21ldGhpbmcgbGVzcyB0cmFnaWM/,,,,,W09zY2FyXQpPIHF1ZSB2b2PDqiBhY2hvdT8gVm9jw6ogYWNoYSBxdWUgZXhpc3RlIHVtYSBtYW5laXJhIGRlIHRvcm5hciBhcyBoaXN0w7NyaWFzIGRlc3NhcyBwZXNzb2FzIG1lbm9zIHRyw6FnaWNhPw==,,W09zY2FyXQrCv1F1w6kgdGUgcGFyZWNpw7M/IMK/Q3JlZXMgcXVlIGV4aXN0YSBhbGd1bmEgbWFuZXJhIGRlIGhhY2VyIHF1ZSBsYXMgaGlzdG9yaWFzIGRlIGVzdGFzIHBlcnNvbmFzIHNlYW4gbWVub3MgdHLDoWdpY2FzPw==
pveoDA,,W09zY2FyXQpXaGVuIHlvdSB0aGluayBhYm91dCBpdCwgdGhlIGZhdGUgdGhhdCBiZWZlbGwgdGhlc2UgcGVvcGxlIGlzIHVuYmVhcmFibHkgY3J1ZWwu,,,,,W09zY2FyXQpTZSB2b2PDqiBwZW5zYXIgYmVtLCBvIGRlc3Rpbm8gZGVzc2FzIHBlc3NvYXMgw6kgZXh0cmVtYW1lbnRlIHJ1aW0u,,W09zY2FyXQpTaSBsbyBwaWVuc2FzIGJpZW4sIGVsIGRlc3Rpbm8gZGUgZXN0YXMgcGVyc29uYXMgZXMgZXh0cmVtYWRhbWVudGUgY3J1ZWwu
p/eoDA,,W09zY2FyXQpBIGZ1dHVyZSB3aXRoIG5vIGRyZWFtcyBhbmQgbm8gaG9wZS4gQSBwYWluZnVsIGZhcmV3ZWxsLiBBIHRhbGUgcGFzc2VkIGRvd24gaW4gYSB0d2lzdGVkIHdheSEhIE5vIG1hdHRlciB3aGVyZSB5b3UgbG9vaywgeW91IGNhbuKAmXQgZmluZCBldmVuIGEgc3BlY2sgb2YgaG9wZS4=,,,,,W09zY2FyXQpVbSBmdXR1cm8gc2VtIHNvbmhvcyBvdSBlc3BlcmFuw6dhLiBVbWEgaGlzdMOzcmlhIHF1ZSB2aXJvdSBib2F0byBlIG1lbnRpcmEhISBOw6NvIGltcG9ydGEgcGFyYSBvbmRlIGV1IG9saGUsIG7Do28gY29uc2lnbyBlbmNvbnRyYXIgdW0gw7puaWNvIHBpbmdvIGRlIGVzcGVyYW7Dp2Eu,,W09zY2FyXQpVbiBmdXR1cm8gc2luIHN1ZcOxb3MgbmkgZXNwZXJhbnphLiDCoVVuYSBoaXN0b3JpYSBxdWUgc2UgY29udmlydGnDsyBlbiBydW1vciB5IG1lbnRpcmEhIE5vIGltcG9ydGEgYSBkw7NuZGUgbWlyZSwgbm8gbG9ncm8gZW5jb250cmFyIG5pIHVuYSBzb2xhIHBpemNhIGRlIGVzcGVyYW56YS4=
qPeoDA,,W09zY2FyXQpPZiBjb3Vyc2UsIEkgcmVhbGx5IGxpa2UgaGFwcHkgZW5kaW5ncywgc28gSSBhY3R1YWxseSBzdGVwcGVkIGluIGEgZmV3IHRpbWVzIHRvIHRyeSBhbmQgY2hhbmdlIGZhdGUu,,,,,W09zY2FyXQpDbGFybywgbyBxdWUgZXUgcmVhbG1lbnRlIGdvc3RvIHPDo28gZmluYWlzIGZlbGl6ZXMsIGVudMOjbyB0ZW50ZWkgbXVkYXIgbyBkZXN0aW5vIGludGVydmluZG8gZGlyZXRhbWVudGUgYWxndW1hcyB2ZXplcy4=,,W09zY2FyXQpDbGFybywgbG8gcXVlIHJlYWxtZW50ZSBtZSBndXN0YW4gc29uIGxvcyBmaW5hbGVzIGZlbGljZXMsIGFzw60gcXVlIGludGVudMOpIGNhbWJpYXIgZWwgZGVzdGlubyBpbnRlcnZpbmllbmRvIGRpcmVjdGFtZW50ZSBhbGd1bmFzIHZlY2VzLg==
qfeoDA,,W09zY2FyXQpBaCwgd2hhdCBJIGp1c3Qgc2FpZCB3YXMgYSBqb2tlPyEgWW91IG11c3RuJ3QgdGFrZSBpdCBzZXJpb3VzbHku,,,,,W09zY2FyXQpPaCwgcG9yIHF1ZSBuw6NvIHBvZGVtb3MgdGVyIGZpbmFpcyBmZWxpemVzPyEgTsOjbyBjb25zaWdvIGludGVydmlyIHRhbnRvIGFzc2ltLg==,,W09zY2FyXQpPaCwgwr9wb3IgcXXDqSBubyBwb2RlbW9zIHRlbmVyIGZpbmFsZXMgZmVsaWNlcz8gTm8gcHVlZG8gaW50ZXJ2ZW5pciB0YW50by4=
qveoDA,,W09zY2FyXQpBbnl3YXkuIEluIG15IGp1ZGdtZW50LCBpZiB3ZSBldmFsdWF0ZSBLaW5nIFNjaG1pZHQncyBkZWNpc2lvbiBhdCB0aGUgdGltZSBpbiB0aGUgbWlsaXRhcnkgdGVybXMgaGUgZmF2b3JzLi4u,,,,,W09zY2FyXQpEZSBxdWFscXVlciBmb3JtYS4gTmEgbWluaGEgb3BpbmnDo28sIGEgZGVjaXPDo28gZG8gUmVpIFNjaG1pZHQgbmVzdGUgbW9tZW50byBwb2RlIHNlciBhdmFsaWFkYSBhIHBhcnRpciBkZSBzdWEgcGVyc3BlY3RpdmEgbWlsaXRhci4uLg==,,W09zY2FyXQpEZSBjdWFscXVpZXIgZm9ybWEsIGVuIG1pIG9waW5pw7NuLCBsYSBkZWNpc2nDs24gZGVsIHJleSBTY2htaWR0IGVuIGVzdGUgbW9tZW50byBwdWVkZSBldmFsdWFyc2UgZGVzZGUgc3UgcGVyc3BlY3RpdmEgbWlsaXRhci4uLg==
q/eoDA,,W09zY2FyXQpJdCB3YXMgdGFjdGljYWxseSBjb3JyZWN0LCBidXQgc3RyYXRlZ2ljYWxseSwgaXQgd2FzIGEgZmFpbGVkIG1vdmUu,,,,,W09zY2FyXQpGb2kgdW1hIGHDp8OjbyB0YXRpY2FtZW50ZSBjb3JyZXRhLCBtYXMgZXN0cmF0ZWdpY2FtZW50ZSB1bSBmcmFjYXNzby4=,,W09zY2FyXQpGdWUgdW5hIGFjY2nDs24gdMOhY3RpY2FtZW50ZSBjb3JyZWN0YSwgcGVybyBlc3RyYXTDqWdpY2FtZW50ZSB1biBmcmFjYXNvLg==
rPeoDA,,W09zY2FyXQpZb3XigJlsbCBzZWUgaXQgc29vbiBlbm91Z2gsIGJ1dCB0aGVyZSB3YXMgYSBnb29kIHJlYXNvbiBWYXJtdW50IGJsb2NrZWQgdGhlIHdheSBpbi4=,,,,,W09zY2FyXQpWb2PDqiB2ZXLDoSBpc3NvIGVtIGJyZXZlLCBtYXMgaMOhIHVtIGJvbSBtb3Rpdm8gcGFyYSBWYXJtdW50IGJsb3F1ZWFyIGEgZW50cmFkYS4=,,W09zY2FyXQpMbyB2ZXLDoXMgcHJvbnRvLCBwZXJvIGhheSB1bmEgYnVlbmEgcmF6w7NuIHBhcmEgcXVlIFZhcm11bnQgYmxvcXVlZSBsYSBlbnRyYWRhLg==
rfeoDA,,W09zY2FyXQpQb29yIFNjaG1pZHQuLi4=,,,,,W09zY2FyXQpQb2JyZSBTY2htaWR0Li4u,,W09zY2FyXQpQb2JyZSBTY2htaWR0Li4u
rveoDA,,W09zY2FyXQpJIGFsd2F5cyB3b25kZXIgaG93IGRpZmZlcmVudCB0aGUgc3Rvcnkgd291bGQgaGF2ZSBiZWVuIGlmIGhlIGhhZCBiZWVuIGp1c3QgYSBsaXR0bGUgbW9yZSBzZWxmaXNoIGFzIGEga2luZy4=,,,,,W09zY2FyXQpTZW1wcmUgcGVuc28gZW0gY29tbyBhIGhpc3TDs3JpYSB0ZXJpYSBzaWRvIGRpZmVyZW50ZSBzZSBlbGUgdGl2ZXNzZSBzaWRvIHVtIHJlaSBlZ2/DrXN0YS4=,,W09zY2FyXQpTaWVtcHJlIHBpZW5zbyBlbiBjw7NtbyBsYSBoaXN0b3JpYSBoYWJyw61hIHNpZG8gZGlmZXJlbnRlIHNpIMOpbCBodWJpZXJhIHNpZG8gdW4gcmV5IGVnb8Otc3RhLg==
r/eoDA,,W09zY2FyXQpBbnl3YXksIGxldCdzIGdldCBtb3ZpbmcuIFRoZXJlIGFyZSBzdGlsbCBpbmNpZGVudHMgd2UgbmVlZCB0byB3aXRuZXNzIQ==,,,,,W09zY2FyXQpEZSBxdWFscXVlciBmb3JtYSwgdmFtb3MgYW5kYW5kby4gQWluZGEgaMOhIGV2ZW50b3MgcGFyYSB0ZXN0ZW11bmhhciE=,,W09zY2FyXQpEZSB0b2RvcyBtb2Rvcywgc2lnYW1vcyBhZGVsYW50ZS4gwqFBw7puIGhheSBldmVudG9zIHBvciBwcmVzZW5jaWFyIQ==
sPeoDA,,Mw==,,,,,Mw==,,Mw==
sfeoDA,,V2FpdC4gSXNu4oCZdCB0aGF0IG91ciBzb2xkaWVyIHVwIGFoZWFkPw==,,,,,RXNwZXJlLiBBcXVpbG8gYWxpIG5hIGZyZW50ZSBuw6NvIMOpIHVtIGRvcyBub3Nzb3Mgc29sZGFkb3M/,,RXNwZXJhLiDCv0VzbyBxdWUgZXN0w6EgYWjDrSBhZGVsYW50ZSBubyBlcyB1bm8gZGUgbnVlc3Ryb3Mgc29sZGFkb3M/
sveoDA,,TG9va3MgbGlrZSB3ZSBqdXN0IG1pc3NlZCBlYWNoIG90aGVyIGZvciBhIG1vbWVudC4=,,,,,VG9tYW1vcyBydW1vcyBkaWZlcmVudGVzLg==,,VG9tYW1vcyBjYW1pbm9zIGRpZmVyZW50ZXMu
s/eoDA,,W1NjaG1pZHRdCkkgdGhpbmsgdGhlcmUgYXJlIHN0aWxsIHBlb3BsZSB3aG8gaGF2ZW4ndCBtYWRlIGl0IG91dC4gSSBuZWVkIHRvIHRlbGwgdGhlbSB0byBnZXQgb3V0c2lkZS4=,,,,,W1NjaG1pZHRdClBhcmVjZSBxdWUgaMOhIHBlc3NvYXMgcXVlIGFpbmRhIG7Do28gZXZhY3VhcmFtLiBQcmVjaXNhbW9zIHBlZGlyIHBhcmEgc2HDrXJlbS4=,,W1NjaG1pZHRdClBhcmVjZSBxdWUgdG9kYXbDrWEgaGF5IHBlcnNvbmFzIHF1ZSBubyBoYW4gZXZhY3VhZG8uIFRlbmVtb3MgcXVlIHBlZGlybGVzIHF1ZSBzYWxnYW4u
tPeoDA,,RXZlbiBub3csIHlvdSBzaG91bGQgdHVybiBiYWNrLg==,,,,,UG9yIGZhdm9yLCB2b2x0ZSBhZ29yYQ==,,UG9yIGZhdm9yLCByZWdyZXNlIGFob3JhLg==
tfeoDA,,SSBhY2NlcHQgeW91ciBjb21tYW5kLg==,,,,,RMOqIGFzIHN1YXMgb3JkZW5z,,RMOpIHN1cyDDs3JkZW5lcy4=
tveoDA,,W1NjaG1pZHRdCk5vLCB0aGF0IHdvbid0IGRvLiBDb21pbmcgYWxsIHRoaXMgd2F5IG9ubHkgdG8gdHVybiBiYWNrLi4u,,,,,W1NjaG1pZHRdCk7Do28sIGlzc28gbsOjbyDDqSBwb3Nzw612ZWwuIFZpciBhdMOpIGFxdWkgZSBkZXBvaXMgdm9sdGFyLi4uPw==,,W1NjaG1pZHRdCk5vLCBlc28gbm8gZXMgcG9zaWJsZS4gwr9WZW5pciBoYXN0YSBhcXXDrSB5IGx1ZWdvIHJlZ3Jlc2FyLi4uPw==
t/eoDA,,W1NjaG1pZHRdCk5vLi4uIG5vLiBUaGV5IHdvbid0IGxpc3RlbiB1bmxlc3MgSSBnaXZlIHRoZSBvcmRlciBteXNlbGYu,,,,,W1NjaG1pZHRdCkVsZXMgbsOjbyBvdXZpcsOjbyBhIG1lbm9zIHF1ZSBldSBtZXNtbyBkw6ogYSBvcmRlbS4=,,W1NjaG1pZHRdCk5vIGVzY3VjaGFyw6FuIGEgbWVub3MgcXVlIHlvIG1pc21vIGTDqSBsYSBvcmRlbi4=
uPeoDA,,W1NjaG1pZHRdCkknbSBzb3JyeSwgYnV0IEkgbmVlZCB5b3VyIGhlbHAuIEhlbHAgbWUgc2VhcmNoIGZvciB0aGUgc3Vydml2b3JzLg==,,,,,W1NjaG1pZHRdCkRlc2N1bHBlLCBtYXMgcHJlY2lzbyBxdWUgdm9jw6ogbWUgYWp1ZGUgYSBlbmNvbnRyYXIgb3Mgc29icmV2aXZlbnRlcy4=,,W1NjaG1pZHRdCkxvIHNpZW50bywgcGVybyBuZWNlc2l0byBxdWUgbWUgYXl1ZGVzIGEgZW5jb250cmFyIGEgbG9zIHNvYnJldml2aWVudGVzLg==
ufeoDA,,W1NjaG1pZHRdClRoZXkgbWlnaHQgYXR0YWNrIEphbmVsIGlmIEknbSBub3QgdGhlcmUuIFRoZXkgYWxyZWFkeSBzZWVtIHRvIGhhdmUgbG9zdCBoYWxmIHRoZWlyIHJlYXNvbi4uLg==,,,,,W1NjaG1pZHRdCkVsZXMgcG9kZW0gYXRhY2FyIHZvY8OqIHNlIGV1IG7Do28gZXN0aXZlciBsw6EuIFBhcmVjZSBxdWUgasOhIHBlcmRlcmFtIGEgcmFjaW9uYWxpZGFkZS4uLg==,,W1NjaG1pZHRdClB1ZWRlbiBhdGFjYXJ0ZSBzaSBubyBlc3RveSBhbGzDrS4gUGFyZWNlIHF1ZSB5YSBoYW4gcGVyZGlkbyBsYSByYWNpb25hbGlkYWQuLi4=
uveoDA,,W1NjaG1pZHRdCklmIHdlIGdldCBzZXBhcmF0ZWQgZHVyaW5nIHRoZSBldmFjdWF0aW9uLCBsZXQncyBtZWV0IGJhY2sgaGVyZS4=,,,,,W1NjaG1pZHRdClNlIG5vcyBzZXBhcmFybW9zLCBub3MgZW5jb250cmFyZW1vcyBub3ZhbWVudGUgYXF1aS4=,,W1NjaG1pZHRdClNpIG5vcyBzZXBhcmFtb3MsIG5vcyB2b2x2ZXJlbW9zIGEgZW5jb250cmFyIGFxdcOtLg==
u/eoDA,,NA==,,,,,NA==,,NA==
vPeoDA,,W1NjaG1pZHRdClRoaXMgZG9vciBpcyBhbHJlYWR5IHdvcm4gb3V0LiBJdCdkIGJlIGJldHRlciB0byBqdXN0IGJyZWFrIGl0IGFuZCBtb3ZlIG9uLiBTdGVwIGFzaWRlLiBJJ2xsIGhhbmRsZSBpdC4=,,,,,W1NjaG1pZHRdCkVzdGEgcG9ydGEgasOhIGVzdMOhIHZlbGhhLCBlbnTDo28gdGFsdmV6IHNlamEgbWVsaG9yIGRlcnJ1YsOhLWxhIGUgcHJvc3NlZ3Vpci4gQWZhc3RlLXNlIHF1ZSBldSBjdWlkYXJlaSBkaXNzby4=,,W1NjaG1pZHRdCkVzdGEgcHVlcnRhIHlhIGVzdMOhIHZpZWphLCBhc8OtIHF1ZSBxdWl6w6FzIHNlYSBtZWpvciBkZXJyaWJhcmxhIHkgc2VndWlyLiBBbMOpamF0ZSwgeW8gbWUgZW5jYXJnYXLDqS4=
vfeoDA,,W1NjaG1pZHRdClRoZXJlIHNob3VsZCBzdGlsbCBiZSBzdXJ2aXZvcnMgb3V0IHRoZXJlLiBXaHkgbm90IHNlYXJjaCBhIGxpdHRsZSBtb3JlPw==,,,,,W1NjaG1pZHRdCkFpbmRhIHBvZGUgaGF2ZXIgc29icmV2aXZlbnRlcy4gUXVlIHRhbCBwcm9jdXJhciBtYWlzPw==,,W1NjaG1pZHRdCkHDum4gcHVlZGUgaGFiZXIgc29icmV2aXZpZW50ZXMuIMK/UXXDqSB0YWwgc2kgYnVzY2Ftb3MgbcOhcz8=
vveoDA,,W09zY2FyXQpQaGV3Li4uIFlvdSBmYWlsZWQuIFdoYXQgaW4gdGhlIHdvcmxkIGhhcHBlbmVkPyBUYWxrIHRvIG1lIGZvciBhIG1vbWVudC4=,,,,,W09zY2FyXQpDcmVkb34gVm9jw6ogZmFsaG91LiBPIHF1ZSBlc3TDoSBhY29udGVjZW5kbz8gUG9yIGZhdm9yLCBmYWxlIGNvbWlnby4=,,W09zY2FyXQpVeX4gRmFsbGFzdGUuIMK/UXXDqSBlc3TDoSBwYXNhbmRvPyBQb3IgZmF2b3IsIGhhYmxhIGNvbm1pZ28u
v/eoDA,,W09zY2FyXQpXZSBtdXN0IGV2YWN1YXRlIHRoZSBzdXJ2aXZvcnMgd2l0aCB0aGUga2luZyBzbyBoaXN0b3J5IGNhbiBjb250aW51ZSBhcyBpdCBzaG91bGQu,,,,,W09zY2FyXQpQYXJhIHF1ZSBhIGhpc3TDs3JpYSBjb250aW51ZSwgb3Mgc29icmV2aXZlbnRlcyBkZXZlbSBldmFjdWFyIGp1bnRvIGNvbSBvIHJlaS4=,,W09zY2FyXQpQYXJhIHF1ZSBsYSBoaXN0b3JpYSBjb250aW7DumUsIGxvcyBzb2JyZXZpdmllbnRlcyBkZWJlbiBldmFjdWFyIGp1bnRvIGNvbiBlbCByZXku
wPeoDA,,W09zY2FyXQpXZWxsLCBzaW5jZSBpdOKAmXMgeW91ciBmaXJzdCB0aW1lLCBJIGZpZ3VyZWQgdGhhdCBtaWdodCBoYXBwZW4sIHNvIEnigJlsbCB0dXJuIGJhY2sgdGltZSBmb3IgeW91IGFnYWlu4oCUZG8gYmV0dGVyIHRoaXMgdGltZS4=,,,,,W09zY2FyXQpCZW0sIGNvbW8gw6kgYSBzdWEgcHJpbWVpcmEgdmV6LCBwZW5zZWkgcXVlIHNlcmlhIHBvc3PDrXZlbCwgZW50w6NvIHZvdSB2b2x0YXIgbm8gdGVtcG8sIHRlbnRlIG8gc2V1IG1lbGhvciBkZXN0YSB2ZXou,,W09zY2FyXQpCdWVubywgY29tbyBlcyB0dSBwcmltZXJhIHZleiwgcGVuc8OpIHF1ZSBzZXLDrWEgcG9zaWJsZSwgYXPDrSBxdWUgdm9sdmVyw6kgZW4gZWwgdGllbXBvLCBoYXpsbyBtZWpvciBlc3RhIHZlei4=
wfeoDA,,W09zY2FyXQpZb3UgbXVzdCBzcGVhayB0byB0aGUgc3Vydml2b3IgdG9nZXRoZXIgd2l0aCBLaW5nIFNjaG1pZHQu,,,,,W09zY2FyXQpWb2PDqiBkZXZlIGZhbGFyIGNvbSBvIHNvYnJldml2ZW50ZSBqdW50byBjb20gbyBSZWkgU2NobWlkdC4=,,W09zY2FyXQpEZWJlcyBoYWJsYXIgY29uIGVsIHNvYnJldml2aWVudGUganVudG8gY29uIGVsIFJleSBTY2htaWR0Lg==
wveoDA,,SSBoYXZlIGEgYmFkIGZlZWxpbmcsIGFuZCBpdCBrZWVwcyBnZXR0aW5nIHN0cm9uZ2VyLg==,,,,,VGVuaG8gdW0gbWF1IHByZXNzZW50aW1lbnRvLi4u,,VGVuZ28gdW4gbWFsIHByZXNlbnRpbWllbnRvLi4u
w/eoDA,,W1NjaG1pZHRdClRoZSBsaWZlIGZvcmNlIGlzIHNsb3dseSBmYWRpbmcgYXdheS4gQW5kIGluIHRoZSBtaWRzdCBvZiBpdCwgdGhpcyB0aGljaywgZGFtcCwgc2luaXN0ZXIgZW5lcmd5Li4uIERvZXNuJ3QgaXQgZmVlbCBsaWtlIGl0J3MgY2FsbGluZyBvdXQgdG8gdGhlIGxpdmluZz8=,,,,,W1NjaG1pZHRdCkEgdml0YWxpZGFkZSBlc3TDoSBkZXNhcGFyZWNlbmRvIGdyYWR1YWxtZW50ZS4gRW5xdWFudG8gaXNzbywgZXNzYSBlbmVyZ2lhIGVzcGVzc2EgZSBlc2N1cmEuLi4gbsOjbyBwYXJlY2UgcXVlIGVzdMOhIGNoYW1hbmRvIG9zIHZpdm9zPw==,,W1NjaG1pZHRdCkxhIHZpdGFsaWRhZCBlc3TDoSBkZXNhcGFyZWNpZW5kbyBncmFkdWFsbWVudGUuIE1pZW50cmFzIHRhbnRvLCBlc2EgZW5lcmfDrWEgZGVuc2EgeSBvc2N1cmEuLi4gwr9ubyBwYXJlY2UgcXVlIGVzdMOhIGxsYW1hbmRvIGEgbG9zIHZpdm9zPw==
xPeoDA,,WW91IG11c3QgZ28gYmFjaywgZXZlbiBub3cu,,,,,Vm9jw6ogdGVtIHF1ZSB2b2x0YXIgYWdvcmEh,,wqFUaWVuZXMgcXVlIHZvbHZlciBhaG9yYSE=
xfeoDA,,W1NjaG1pZHRdCklmIGFsbCB0aGUgbm9ybWFsIGVudHJhbmNlcyBhbmQgZXhpdHMgaGFkbuKAmXQgY29sbGFwc2VkLCB3ZSB3b3VsZG7igJl0IGhhdmUgdG8gdXNlIHRoZSB1bmRlcmdyb3VuZCBwYXNzYWdlLiBJIGZlZWwgbGlrZSB3ZeKAmXJlIHdhc3RpbmcgdG9vIG11Y2ggdGltZS4=,,,,,W1NjaG1pZHRdCk1lc21vIHNlIHRvZGFzIGFzIHBhc3NhZ2VucyBuw6NvIHRpdmVzc2VtIGRlc2FiYWRvLCBuw6NvIGhhdmVyaWEgbmVjZXNzaWRhZGUgZGUgcGFzc2FyIHBlbG8gc3VidGVycsOibmVvLiBQYXJlY2UgcXVlIG8gdGVtcG8gZXN0w6EgY3VydG8gZGVtYWlzLg==,,W1NjaG1pZHRdCkluY2x1c28gc2kgdG9kb3MgbG9zIHBhc2lsbG9zIG5vIHNlIGh1YmllcmFuIGRlcnJ1bWJhZG8sIG5vIGhhYnLDrWEgbmVjZXNpZGFkIGRlIHBhc2FyIHBvciBlbCBzdWJzdWVsby4gUGFyZWNlIHF1ZSBlbCB0aWVtcG8gZXMgZGVtYXNpYWRvIGNvcnRvLg==
xveoDA,,W1NjaG1pZHRdCkxldCdzIG1vdmUgZm9yd2FyZCBhcyBxdWlja2x5IGFzIHBvc3NpYmxlLg==,,,,,W1NjaG1pZHRdClZhbW9zIGF2YW7Dp2FyIG8gbWFpcyByw6FwaWRvIHBvc3PDrXZlbC4=,,W1NjaG1pZHRdCkF2YW5jZW1vcyBsbyBtw6FzIHLDoXBpZG8gcG9zaWJsZS4=
x/eoDA,,SGVpbnJpY2gh,,,,,SGVpbnJpY2gh,,wqFIZWlucmljaCE=
yPeoDA,,TWFzdGVyLCB5b3XigJlyZSBoaWRpbmcgc29tZXRoaW5nLg==,,,,,TWVzdHJlLCB2b2PDqiBlc3TDoSBlc2NvbmRlbmRvIGFsZ28u,,TWFlc3RybywgZXN0w6FzIG9jdWx0YW5kbyBhbGdvLg==
yfeoDA,,W1NjaG1pZHRdCkhlaW5yaWNoISBXaGVyZSBpcyB0aGUgT3JiPw==,,,,,W1NjaG1pZHRdCkhlaW5yaWNoISBPbmRlIGVzdMOhIG8gT3JiZT8=,,W1NjaG1pZHRdCsKhSGVpbnJpY2ghIMK/RMOzbmRlIGVzdMOhIGVsIE9yYmU/
yveoDA,,W0hlaW5yaWNoXQpNci4gU2NobWlkdCEgTm93IGlzIG5vdCB0aGUgdGltZSB0byBhcmd1ZSBhYm91dCB0aGF0Li4u,,,,,W0hlaW5yaWNoXQpWb3NzYSBtYWplc3RhZGUhIEFnb3JhIG7Do28gw6kgaG9yYSBkZSBkaXNjdXRpciBzb2JyZSBpc3NvLi4u,,W0hlaW5yaWNoXQrCoVN1IG1hamVzdGFkISBBaG9yYSBubyBlcyBtb21lbnRvIGRlIGRpc2N1dGlyIHNvYnJlIGVzby4uLg==
y/eoDA,,W1NjaG1pZHRdCk1hc3RlciBpcyB0aGUgb25lIGFuZCBvbmx5IGdyZWF0IHNhZ2Ugb24gdGhpcyBjb250aW5lbnQuIEZvciBzb21lIHJlYXNvbiwgSSBhbSB3b3JyaWVkIGFib3V0IHlvdXIgc2FmZXR5LCBIZWlucmljaC4=,,,,,W1NjaG1pZHRdClZhcm11bnQgw6kgbyDDum5pY28gZ3JhbmRlIHPDoWJpbyBuZXN0ZSBjb250aW5lbnRlLiBFc3RvdSBwcmVvY3VwYWRvIGNvbSBhIHNlZ3VyYW7Dp2EgZGVsZSwgSGVpbnJpY2gu,,W1NjaG1pZHRdClZhcm11bnQgZXMgZWwgw7puaWNvIGdyYW4gc2FiaW8gZW4gZXN0ZSBjb250aW5lbnRlLiBFc3RveSBwcmVvY3VwYWRvIHBvciBzdSBzZWd1cmlkYWQsIEhlaW5yaWNoLg==
zPeoDA,,W0hlaW5yaWNoXQpCdXQgeW91IGFyZSB0aGUga2luZy4gSXMgdGhlIGtpbmcgbm90IGFsc28gb25lIG9mIGEga2luZCBvbiB0aGlzIGNvbnRpbmVudD8h,,,,,W0hlaW5yaWNoXQpNYXMgdm9jw6ogw6kgbyByZWkuIE8gcmVpIHRhbWLDqW0gbsOjbyDDqSBvIMO6bmljbyBuZXN0ZSBjb250aW5lbnRlPyE=,,W0hlaW5yaWNoXQpQZXJvIHTDuiBlcmVzIGVsIHJleS4gwqHCv0FjYXNvIGVsIHJleSBubyBlcyB0YW1iacOpbiBlbCDDum5pY28gZW4gZXN0ZSBjb250aW5lbnRlPyE=
zfeoDA,,W1NjaG1pZHRdCkFueW9uZSBjYW4gaW5oZXJpdCB0aGUgdGhyb25lLiBCdXQgd2hvIGNvdWxkIHBvc3NpYmx5IHN1Y2NlZWQgYSBHcmVhdCBTYWdlIHdobyBhcHBlYXJzIG9ubHkgb25jZSBldmVyeSBmZXcgaHVuZHJlZCB5ZWFycz8h,,,,,W1NjaG1pZHRdCk8gcmVpIHBvZGUgc2VyIHN1Y2VkaWRvIHBvciBxdWFscXVlciB1bS4gTWFzIHF1ZW0gcG9kZSBzdWNlZGVyIGFvIGdyYW5kZSBzw6FiaW8sIHF1ZSBzw7MgYXBhcmVjZSB1bWEgdmV6IGEgY2FkYSBjZW50ZW5hcyBkZSBhbm9zPyE=,,W1NjaG1pZHRdCkVsIHJleSBwdWVkZSBzZXIgc3VjZWRpZG8gcG9yIGN1YWxxdWllcmEuIMKhwr9QZXJvIHF1acOpbiBwdWVkZSBzdWNlZGVyIGFsIGdyYW4gc2FiaW8sIHF1ZSBzb2xvIGFwYXJlY2UgdW5hIHZleiBjYWRhIGNpZW50b3MgZGUgYcOxb3M/IQ==
zveoDA,,W1NjaG1pZHRdCkNhbiB5b3UgaW1hZ2luZSB0aGlzIGNvbnRpbmVudCB3aXRob3V0IHRoZSBHcmVhdCBTYWdlPyBXaG8gd2lsbCBiZWFyIHRoZSB0aHJlYXRzIGZyb20gYW5vdGhlciB3b3JsZCwgb3IgdGhlIHVua25vd24gYmVpbmdzIGJleW9uZCB0aGUgZGltZW5zaW9ucz8=,,,,,W1NjaG1pZHRdClZvY8OqIGNvbnNlZ3VlIGltYWdpbmFyIGVzdGUgY29udGluZW50ZSBzZW0gVmFybXVudD8gUXVlbSBpcsOhIGxpZGFyIGNvbSBhcyBhbWVhw6dhcyBkbyBvdXRybyBtdW5kbyBvdSBkZSBzZXJlcyBkZXNjb25oZWNpZG9zIGFsw6ltIGRhIGRpbWVuc8Ojbz8=,,W1NjaG1pZHRdCsK/UHVlZGVzIGltYWdpbmFyIGVzdGUgY29udGluZW50ZSBzaW4gVmFybXVudD8gwr9RdWnDqW4gc2UgZW5jYXJnYXLDoSBkZSBsYXMgYW1lbmF6YXMgZGVsIG90cm8gbXVuZG8gbyBkZSBzZXJlcyBkZXNjb25vY2lkb3MgbcOhcyBhbGzDoSBkZSBsYSBkaW1lbnNpw7NuPw==
z/eoDA,,W1NjaG1pZHRdCklmIHlvdSBjYXJlIGZvciBtZS4uLiBsZWFkIG1lIHRvIHdoZXJlIE1hc3RlciB3ZW50LCBIZWlucmljaC4gWW91IHNlZW0gdG8ga25vdyB0aGF0IGxvY2F0aW9uLg==,,,,,W1NjaG1pZHRdCkZhw6dhIHBvciBtaW0uLi4gbGV2ZS1tZSBhdMOpIG9uZGUgZXN0w6EgbyBPcmJlLCBIZWlucmljaC4gVm9jw6ogcHJvdmF2ZWxtZW50ZSBzYWJlIGEgbG9jYWxpemHDp8Ojby4=,,W1NjaG1pZHRdCkhhemxvIHBvciBtw60uLi4gbGzDqXZhbWUgYSBkb25kZSBlc3TDoSBlbCBPcmJlLCBIZWlucmljaC4gUHJvYmFibGVtZW50ZSBjb25vY2VzIGxhIHViaWNhY2nDs24u
0PeoDA,,W0hlaW5yaWNoXQpJdCBjYW4ndCBiZSBoZWxwZWQu,,,,,W0hlaW5yaWNoXQpOw6NvIHRlbmhvIGVzY29saGEu,,W0hlaW5yaWNoXQpObyB0ZW5nbyBvcGNpw7NuLg==
0feoDA,,W0hlaW5yaWNoXQpJLi4uIGFjY2VwdCB5b3VyIGNvbW1hbmQu,,,,,W0hlaW5yaWNoXQpFdSBvYmVkZWNlcmVpLi4uIGFvIHNldSBjb21hbmRvLg==,,W0hlaW5yaWNoXQpPYmVkZWNlcsOpLi4uIHR1IG9yZGVuLg==
0veoDA,,MTA=,,,,,MTA=,,MTA=
0/eoDA,,V2VsbCB0aGVuLCBpdCBzZWVtcyB0aGUgc3RvcnkgaGFzbid0IGNoYW5nZWQgbXVjaCB0aGlzIHRpbWUgZWl0aGVyLg==,,,,,QmVtLCBhIGhpc3TDs3JpYSB0YW1iw6ltIG7Do28gbXVkb3UgZGVzdGEgdmV6Lg==,,QnVlbm8sIGxhIGhpc3RvcmlhIHRhbXBvY28gY2FtYmnDsyBlc3RhIHZlei4=
1PeoDA,,XjAwMDBGRkl0IHNlZW1zIHdl4oCZdmUgZmFsbGVuIG91dCBvZiBzeW5jIHdpdGggaGlzIHRpbWVsaW5lLiBXZSBwcm9iYWJseSB3b27igJl0IGJlIGFibGUgdG8gY29tbXVuaWNhdGUuXjAwMDAwMA==,,,,,XjAwMDBGRlBhcmVjZSBxdWUgbyBlaXhvIGRvIHRlbXBvIGVzdMOhIGVycmFkby4gQSBjb252ZXJzYSBwcm92YXZlbG1lbnRlIG7Do28gZnVuY2lvbmFyw6EuXjAwMDAwMA==,,XjAwMDBGRlBhcmVjZSBxdWUgZWwgZWplIGRlbCB0aWVtcG8gZXN0w6EgaW5jb3JyZWN0by4gTGEgY29udmVyc2FjacOzbiBwcm9iYWJsZW1lbnRlIG5vIGZ1bmNpb25hcsOhLl4wMDAwMDA=
1feoDA,,SGVpbnJpY2g=,,,,,SGVpbnJpY2g=,,SGVpbnJpY2g=
1veoDA,,W0hlaW5yaWNoXQpZb3VyIE1hamVzdHkgU2NobWlkdCEgVGhlcmUgeW91IGFyZS4=,,,,,W0hlaW5yaWNoXQpWb3NzYSBNYWplc3RhZGUgU2NobWlkdCEgVm9jw6ogZXN0w6EgYXF1aS4=,,W0hlaW5yaWNoXQrCoVN1IE1hamVzdGFkIFNjaG1pZHQhIEVzdMOhIGFxdcOtLg==
1/eoDA,,W1NjaG1pZHRdCkhlaW5yaWNoIFlvdeKAmXJlIHNhZmUhIFdoYXQgYSByZWxpZWYu,,,,,W1NjaG1pZHRdCkhlaW5yaWNoLCB2b2PDqiBlc3TDoSBhIHNhbHZvISBFc3RvdSB0w6NvIGZlbGl6Lg==,,W1NjaG1pZHRdCsKhSGVpbnJpY2gsIGVzdMOhcyBhIHNhbHZvISBNZSBhbGVncm8gdGFudG8u
2PeoDA,,W0hlaW5yaWNoXQouLi4=,,,,,W0hlaW5yaWNoXQouLi4=,,W0hlaW5yaWNoXQouLi4=
2feoDA,,W0hlaW5yaWNoXQpZZWFoLCB0aGF04oCZcyBhIHJlYWwgcmVsaWVmLiBJbiBhIHBsYWNlIGxpa2UgdGhpcywgaXQgd291bGRu4oCZdCBiZSBzdHJhbmdlIGF0IGFsbCBldmVuIGlmIHRoZSBraW5nIHdlcmUgdG8gZGllIGluIGFuIGFjY2lkZW50Lg==,,,,,W0hlaW5yaWNoXQpTaW0sIGlzc28gZm9pIGRlIHVtYSBzb3J0ZS4gTsOjbyBzZXJpYSBuZW5odW1hIHN1cnByZXNhIHNlIG8gcmVpIG1vcnJlc3NlIGVtIHVtIGFjaWRlbnRlIGFxdWku,,W0hlaW5yaWNoXQpTw60sIGVzbyBmdWUgc3VlcnRlLiBObyBzZXLDrWEgbmluZ3VuYSBzb3JwcmVzYSBzaSBlbCByZXkgbXVyaWVyYSBlbiB1biBhY2NpZGVudGUgYXF1w60u
2veoDA,,W1NjaG1pZHRdCkhlaW5yaWNoPyE=,,,,,W1NjaG1pZHRdCkhlaW5yaWNoPyE=,,W1NjaG1pZHRdCsKhwr9IZWlucmljaD8h
2/eoDA,,W0hlaW5yaWNoXQpGb3IgdGhpcyBkYXksIEkgcmV2ZWFsZWQgdGhlIEhlYXJ0IEZyYWdtZW50IG9mIFltaXIgaW5zaWRlIHRoZSBjYXN0bGUgYW5kIGRlbGliZXJhdGVseSBzdW1tb25lZCBIaW1tZWxtZXou,,,,,W0hlaW5yaWNoXQpObyBkaWEgZGUgaG9qZSwgcmV2ZWxlaSB1bSBwZWRhw6dvIGRvIENvcmHDp8OjbyBkZSBZbWlyIG5vIGNhc3RlbG8gZSBpbnRlbmNpb25hbG1lbnRlIGNoYW1laSBIaW1tZWxtZXou,,W0hlaW5yaWNoXQpFbiBlbCBkw61hIGRlIGhveSwgcmV2ZWzDqSB1biBmcmFnbWVudG8gZGVsIENvcmF6w7NuIGRlIFltaXIgZW4gZWwgY2FzdGlsbG8gZSBpbnRlbmNpb25hbG1lbnRlIGxsYW3DqSBhIEhpbW1lbG1lei4=
3PeoDA,,W0hlaW5yaWNoXQpOb3cgYWxsIHRoYXQncyBsZWZ0IGlzIHRvIG1vdXJuIHRoZSBraW5nLCB3aG9zZSBkZWF0aCB3YXMgcnVsZWQgYW4gYWNjaWRlbnQu,,,,,W0hlaW5yaWNoXQpBZ29yYSB0dWRvIG8gcXVlIHJlc3RhIMOpIGxhbWVudGFyIGEgbW9ydGUgYWNpZGVudGFsIGRvIHJlaS4=,,W0hlaW5yaWNoXQpBaG9yYSB0b2RvIGxvIHF1ZSBxdWVkYSBlcyBsYW1lbnRhciBsYSBtdWVydGUgYWNjaWRlbnRhbCBkZWwgcmV5Lg==
3feoDA,,W1NjaG1pZHRdCldoYXQgYXJlIHlvdSBkb2luZywgSGVpbnJpY2ghIFdlIHNwZW50IG91ciBjaGlsZGhvb2QgdG9nZXRoZXIgbGlrZSBicm90aGVycy4uLg==,,,,,W1NjaG1pZHRdCk8gcXVlIHZvY8OqIGVzdMOhIGZhemVuZG8sIEhlaW5yaWNoPyBQYXNzYW1vcyBub3NzYSBpbmbDom5jaWEganVudG9zIGNvbW8gaXJtw6Nvcy4uLg==,,W1NjaG1pZHRdCsK/UXXDqSBlc3TDoXMgaGFjaWVuZG8sIEhlaW5yaWNoPyBQYXNhbW9zIG51ZXN0cmEgaW5mYW5jaWEganVudG9zIGNvbW8gaGVybWFub3MuLi4=
3veoDA,,W0hlaW5yaWNoXQpJJ20gc2ljayBvZiB0aGF0IHNvLWNhbGxlZCBicm90aGVyaG9vZC4uLg==,,,,,W0hlaW5yaWNoXQpFc3RvdSBjYW5zYWRvIGRlc3NhIGNvaXNhIGRlIGJyb2RlcmFnZW0uLi4=,,W0hlaW5yaWNoXQpFc3RveSBjYW5zYWRvIGRlIGVzbyBkZSBsYSBoZXJtYW5kYWQuLi4=
3/eoDA,,W09zY2FyXQpLcnJnaH4hIFRoZSB3aW5uZXIgaXMgb24gb3VyIHNpZGUh,,,,,W09zY2FyXQpVYXV+IEFkb3JlaSBlc3NhIHZlcnPDo28gZGEgaGlzdMOzcmlhIQ==,,W09zY2FyXQrCoUd1YXV+IE1lIGVuY2FudMOzIGVzdGEgdmVyc2nDs24gZGUgbGEgaGlzdG9yaWEh
4PeoDA,,W1Zhcm11bnQncyBQaGFudG9tXQpBcmVuJ3QgeW91IGdldHRpbmcgYSBsaXR0bGUgdG9vIGV4Y2l0ZWQganVzdCBiZWNhdXNlIGl0J3MgQXByaWwgRm9vbHMnIERheT8=,,,,,W0lsdXPDo28gZGUgVmFybXVudF0KT3NjYXIuIEhvamUgw6kgbyBESUEgREEgTUVOVElSQS4gUGFyZSBkZSBhbHRlcmFyIGEgZGltZW5zw6NvIGUgbW9zdHJlIGEgaGlzdMOzcmlhIHZlcmRhZGVpcmEu,,W0lsdXNpw7NuIGRlIFZhcm11bnRdCk9zY2FyLiBIb3kgZXMgZWwgRMONQSBERSBMT1MgSU5PQ0VOVEVTLiBEZWphIGRlIGFsdGVyYXIgbGEgZGltZW5zacOzbiB5IG11ZXN0cmEgbGEgaGlzdG9yaWEgdmVyZGFkZXJhLg==
4feoDA,,W09zY2FyXQpBaGVtLCBteSBhcG9sb2dpZXMsIEdyZWF0IFNhZ2UuIFVtLi4uIHBsZWFzZSBnbyBvbiBhcyB5b3Ugd2VyZSwgSGVpbnJpY2gu,,,,,W09zY2FyXQpBaH4gUGVyZMOjbywgR3JhbmRlIFPDoWJpby4gQmVtLi4uIGFwZW5hcyBmYcOnYSBvIHF1ZSB2b2PDqiBub3JtYWxtZW50ZSBmYXosIFNyLiBIZWlucmljaC4=,,W09zY2FyXQpBaH4gUGVyZMOzbiwgR3JhbiBTYWJpby4gQnVlbm8uLi4gc29sbyBoYWdhIGxvIHF1ZSBub3JtYWxtZW50ZSBoYWNlLCBTci4gSGVpbnJpY2gu
4veoDA,,W0hlaW5yaWNoXQpVaCwgeWVzLi4uIEkgc2hvdWxkIGxvd2VyIG15IHN3b3JkLCByaWdodD8=,,,,,W0hlaW5yaWNoXQpVaCwgc2ltLi4uIHRlbmhvIHF1ZSB2b2x0YXIgYW8gbm9ybWFsLCBuw6NvIMOpIGlzc28/,,W0hlaW5yaWNoXQpFaCwgc8OtLi4uIHRlbmdvIHF1ZSB2b2x2ZXIgYSBsYSBub3JtYWxpZGFkLCDCv3ZlcmRhZD8=
4/eoDA,,W0hlaW5yaWNoXQpJIHRvbGQgdGhlIHNvbGRpZXJzIHRvIGVzY29ydCBZb3VyIEhpZ2huZXNzIG91dHNpZGUgaWYgdGhleSBmb3VuZCB5b3UsIHNvIGl04oCZcyBub3QgdGhhdCB0aGV5IGRpc29iZXllZCBteSBvcmRlcnMuLi4gWW91IG11c3QgaGF2ZSBpbnNpc3RlZCBvbiBjb21pbmcgYWxsIHRoZSB3YXkgaGVyZS4=,,,,,W0hlaW5yaWNoXQpFdSBpbnN0cnXDrSBhIHRyb3BhIGEgbGV2YXIgVm9zc2EgTWFqZXN0YWRlIHBhcmEgZm9yYSwgbWFzIHBhcmVjZSBxdWUgVm9zc2EgTWFqZXN0YWRlIMOpIHRlaW1vc28gZSB2ZWlvIGF0w6kgYXF1aS4=,,W0hlaW5yaWNoXQpJbnN0cnXDrSBhIGxhIHRyb3BhIHBhcmEgcXVlIGxsZXZhcmEgYSBTdSBNYWplc3RhZCBhZnVlcmEsIHBlcm8gcGFyZWNlIHF1ZSBTdSBNYWplc3RhZCBlcyB0ZXJjbyB5IHZpbm8gaGFzdGEgYXF1w60u
5PeoDA,,W1NjaG1pZHRdCkFoLCBzbyBhZnRlciBiZWluZyBhcGFydCBmb3IgYSB3aGlsZSwgeW91IHN0YXJ0IG5hZ2dpbmcgbWUgdGhlIG1vbWVudCB3ZSBtZWV0LCBIZWlucmljaC4gSW4gYSB3YXksIGl0IGZlZWxzIGdvb2QgdG8gc2VlIHlvdS4=,,,,,W1NjaG1pZHRdCkFoLCBkZXBvaXMgZGUgZmljYXJtb3MgdW0gdGVtcG8gc2VtIG5vcyB2ZXIsIHZvY8OqIGrDoSBjb21lw6dhIGEgcmVjbGFtYXIgYXNzaW0gcXVlIG1lIGVuY29udHJhLCBIZWlucmljaC4gRGUgY2VydGEgZm9ybWEsIGlzc28gYXTDqSBtZSBkZWl4YSBmZWxpei4=,,W1NjaG1pZHRdCkFoLCBkZXNwdcOpcyBkZSBlc3RhciB1biB0aWVtcG8gc2luIHZlcm5vcywgeWEgZW1waWV6YXMgYSBxdWVqYXJ0ZSBhc8OtIHF1ZSBtZSBlbmN1ZW50cmFzLCBIZWlucmljaC4gRW4gY2llcnRvIG1vZG8sIGVzbyBoYXN0YSBtZSBoYWNlIGZlbGl6Lg==
5feoDA,,W0hlaW5yaWNoXQpZb3VyIEhpZ2huZXNzIFNjaG1pZHQsIG5vdyBpcyBub3QgdGhlIHRpbWUgdG8gdGFrZSBpdCBlYXN5LiBGb3Igbm93LCB5b3UgbXVzdCBlc2NhcGUgdGhpcyBwbGFjZSB3aXRoIG1lIQ==,,,,,W0hlaW5yaWNoXQpWb3NzYSBNYWplc3RhZGUgU2NobWlkdCwgYWdvcmEgbsOjbyDDqSBob3JhIGRlIHJlbGF4YXIuIFByaW1laXJvLCB2b2PDqiBwcmVjaXNhIHNhaXIgZGFxdWkgY29taWdvIQ==,,W0hlaW5yaWNoXQpTdSBNYWplc3RhZCBTY2htaWR0LCBhaG9yYSBubyBlcyBtb21lbnRvIGRlIHJlbGFqYXJzZS4gUHJpbWVybywgwqFkZWJlIHNhbGlyIGRlIGFxdcOtIGNvbm1pZ28h
5veoDA,,W1NjaG1pZHRdClRoZSBHcmVhdCBTYWdlLCBhbmQgeW91IGFzIHdlbGwuLi4gYWxsIHlvdSBzYXkgaXMgdGhhdCBJIHNob3VsZCBsZWF2ZSB0aGlzIHBsYWNlIHF1aWNrbHkuIFNvIHRoZXJlIHJlYWxseSBpcyBzb21ldGhpbmcgaW5zaWRlIHRoZSBjYXN0bGUsIGlzbid0IHRoZXJlPw==,,,,,W1NjaG1pZHRdCk8gR3JhbmRlIFPDoWJpbyBlIHZvY8OqcyBkb2lzIG7Do28gZGl6ZW0gbmFkYSBhbMOpbSBkZSBzYWlyIGRhcXVpIHJhcGlkYW1lbnRlLiBQYXJlY2UgcXVlIGjDoSBhbGdvIG5vIGNhc3RlbG8sIGNlcnRvPw==,,W1NjaG1pZHRdCkVsIEdyYW4gU2FiaW8geSB1c3RlZGVzIGRvcyBubyBoYWNlbiBtw6FzIHF1ZSBkZWNpciBxdWUgc2FsZ2EgZGUgYXF1w60gbG8gbcOhcyByw6FwaWRvIHBvc2libGUuIFBhcmVjZSBxdWUgaGF5IGFsZ28gZW4gZWwgY2FzdGlsbG8sIMK/dmVyZGFkPw==
5/eoDA,,W1NjaG1pZHRdCk5vdywgc3BlYWsuIFdoYXQgb24gZWFydGggaXMgdGhlIHJlYXNvbiB5b3XigJlyZSB0cnlpbmcgdG8ga2VlcCBtZSBhcyBmYXIgYXdheSBhcyBwb3NzaWJsZSwgSGVpbnJpY2g/,,,,,W1NjaG1pZHRdCkFnb3JhIG1lIGRpZ2EsIEhlaW5yaWNoLCBxdWFsIMOpIG8gbW90aXZvIHBhcmEgdGVudGFyIG1lIG1hbnRlciBvIG1haXMgbG9uZ2UgcG9zc8OtdmVsIGRvIGNhc3RlbG8/,,W1NjaG1pZHRdCkFob3JhIGRpbWUsIEhlaW5yaWNoLCDCv2N1w6FsIGVzIGxhIHJhesOzbiBwYXJhIGludGVudGFyIG1hbnRlbmVybWUgbG8gbcOhcyBsZWpvcyBwb3NpYmxlIGRlbCBjYXN0aWxsbz8=
6PeoDA,,W0hlaW5yaWNoXQpBIGN1cnNlZCBvcmIsIGJlbGlldmVkIHRvIGJlIHRoZSB3b3JrIG9mIEhpbW1lbG1leiwgaGFzIHRha2VuIHJvb3Qgd2l0aGluIHRoZSBjYXN0bGUuIEJleW9uZCB0aGUgZmFjdCB0aGF0IGl0cyBlbmVyZ3kgaXMgZ3Jvd2luZyBzdHJvbmdlciBieSB0aGUgZGF5LCBJIGhhdmUgYmVlbiB1bmFibGUgdG8gbGVhcm4gYW55dGhpbmcgbW9yZS4=,,,,,W0hlaW5yaWNoXQpVbSBvcmJlIGFtYWxkacOnb2Fkbywgc3Vwb3N0YW1lbnRlIHVtYSBvYnJhIGRlIEhpbW1lbG1leiwgc2UgaW5zdGFsb3UgZGVudHJvIGRvIGNhc3RlbG8uIEV1IG7Do28gaGF2aWEgcGVyY2ViaWRvIGF0w6kgc3VhIGVuZXJnaWEgZmljYXIgbWFpcyBmb3J0ZS4=,,W0hlaW5yaWNoXQpVbiBvcmJlIG1hbGRpdG8sIHN1cHVlc3RhbWVudGUgdW5hIG9icmEgZGUgSGltbWVsbWV6LCBzZSBpbnN0YWzDsyBkZW50cm8gZGVsIGNhc3RpbGxvLiBObyBtZSBoYWLDrWEgZGFkbyBjdWVudGEgaGFzdGEgcXVlIHN1IGVuZXJnw61hIHNlIGZvcnRhbGVjacOzLg==
6feoDA,,W1NjaG1pZHRdCkkgc2VlLiBUaGlzIG1ha2VzIG1vcmUgc2Vuc2UgdGhhbiBqdXN0IHRlbGxpbmcgZXZlcnlvbmUgdG8gZXZhY3VhdGUgd2l0aG91dCBleHBsYW5hdGlvbiwgZG9lc24ndCBpdD8=,,,,,W1NjaG1pZHRdCkVudGVuZG8uIEVtIHZleiBkZSBhcGVuYXMgbm9zIGRpemVyIHBhcmEgZXZhY3VhciwgbsOjbyBlcmEgbWFpcyBmw6FjaWwgZmFsYXIgYSB2ZXJkYWRlPw==,,W1NjaG1pZHRdCkVudGllbmRvLiBFbiBsdWdhciBkZSBzb2xvIGRlY2lybm9zIHF1ZSBldmFjdWVtb3MsIMK/bm8gZXJhIG3DoXMgZsOhY2lsIGRlY2lyIGxhIHZlcmRhZD8=
6veoDA,,W1NjaG1pZHRdCkJ1dCBpZiB0aGF0IG9yYiBpcyB0aGUgcHJvYmxlbSwgSSBkb24ndCB0aGluayBhdm9pZGluZyB0aGUgYXJlYSB3aWxsIGJlIHRoZSBzb2x1dGlvbi4=,,,,,W1NjaG1pZHRdCk1hcyBzZSBlc3NlIG9yYmUgw6kgbyBwcm9ibGVtYSwgdm9jw6ogYWNoYSBxdWUgaXIgZW1ib3JhIHNlcmlhIGEgc29sdcOnw6NvPw==,,W1NjaG1pZHRdClBlcm8gc2kgZXNlIG9yYmUgZXMgZWwgcHJvYmxlbWEsIMK/Y3JlZXMgcXVlIGlyc2Ugc2Vyw61hIGxhIHNvbHVjacOzbj8=
6/eoDA,,W1Zhcm11bnQncyBQaGFudG9tXQpUaGF0J3MgcmlnaHQuIFRoZXJlJ3Mgbm8gcG9pbnQgaW4gdHJ5aW5nIHRvIHJ1bi4gSXQncyBhIGN1cnNlZCBvYmplY3QgdGhhdCBlbmRsZXNzbHkgY3JhdmVzIGxpZmUuIE5vIG1hdHRlciB3aGVyZSB5b3UgZmxlZSwgaW4gdGhlIGVuZCwgYWxsIHRoYXQgcmVtYWlucyBpcyBkZWF0aC4uLg==,,,,,W0lsdXPDo28gZGUgVmFybXVudF0KSXNzbyBtZXNtby4gTsOjbyBmYXogc2VudGlkbyBmdWdpci4gw4kgdW0gb2JqZXRvIGFtYWxkacOnb2FkbyBxdWUgZGVzZWphIGluZmluaXRhbWVudGUgZm9yw6dhIHZpdGFsLiBOw6NvIGltcG9ydGEgcGFyYSBvbmRlIHZvY8OqIGNvcnJhLCBhIMO6bmljYSBjb2lzYSBxdWUgcmVzdGEgbm8gZmluYWwgw6kgYSBtb3J0ZS4uLg==,,W0lsdXNpw7NuIGRlIFZhcm11bnRdCkFzw60gZXMuIE5vIHRpZW5lIHNlbnRpZG8gaHVpci4gRXMgdW4gb2JqZXRvIG1hbGRpdG8gcXVlIGRlc2VhIGluZmluaXRhbWVudGUgbGEgZnVlcnphIHZpdGFsLiBObyBpbXBvcnRhIGEgZMOzbmRlIGNvcnJhcywgbG8gw7puaWNvIHF1ZSBxdWVkYSBhbCBmaW5hbCBlcyBsYSBtdWVydGUuLi4=
7PeoDA,,VmFybXVudCE=,,,,,U2VuaG9yIFZhcm11bnQh,,wqFTZcOxb3IgVmFybXVudCE=
7feoDA,,TWFzdGVy,,,,,TWVzdHJl,,TWFlc3Rybw==
7veoDA,,OA==,,,,,OA==,,OA==
7/eoDA,,W0hlaW5yaWNoXQooSSBoYXZlIHRvIGdldCBTY2htaWR0IG91dCBvZiBoZXJlIHNvbWVob3cuKQ==,,,,,W0hlaW5yaWNoXQpQcmVjaXNhbW9zIGVzY2FwYXIgZGFxdWkgY29tIG8gUmVpIFNjaG1pZHQ=,,W0hlaW5yaWNoXQpOZWNlc2l0YW1vcyBlc2NhcGFyIGRlIGFxdcOtIGNvbiBlbCBSZXkgU2NobWlkdA==
8PeoDA,,VmFybXVudA==,,,,,VmFybXVudA==,,VmFybXVudA==
8feoDA,,W1Zhcm11bnQncyBQaGFudG9tXQpJZiBvbmx5IHdlJ2QgY2hhc2VkIGEgbGl0dGxlIGZhcnRoZXIsIHdlIGNvdWxkIGhhdmUgY2F1Z2h0IEhpbW1lbG1lei4gQnV0IEkganVzdCBjb3VsZG4ndCBzdG9wIHdvcnJ5aW5nIGFib3V0IG91ciByZWNrbGVzcyBraW5nLCBzbyBJIGhhZCB0byBjb21lIGJhY2su,,,,,W0lsdXPDo28gZGUgVmFybXVudF0KU2UgdGl2w6lzc2Vtb3MgaW5zaXN0aWRvIHVtIHBvdWNvIG1haXMsIHRlcsOtYW1vcyBjb25zZWd1aWRvIGFsY2Fuw6dhciBIaW1tZWxtZXouIEVzdMOhdmFtb3MgdMOjbyBwcmVvY3VwYWRvcyBjb20gbyByZWkgcXVlIG7Do28gdGl2ZW1vcyBlc2NvbGhhIGEgbsOjbyBzZXIgdm9sdGFyLg==,,W0lsdXNpw7NuIGRlIFZhcm11bnRdClNpIGh1YmnDqXJhbW9zIGluc2lzdGlkbyB1biBwb2NvIG3DoXMsIGhhYnLDrWFtb3MgbG9ncmFkbyBhbGNhbnphciBhIEhpbW1lbG1lei4gRXN0w6FiYW1vcyB0YW4gcHJlb2N1cGFkb3MgcG9yIGVsIHJleSBxdWUgbm8gdHV2aW1vcyBvcGNpw7NuIHNpbm8gdm9sdmVyLg==
8veoDA,,W1NjaG1pZHRdCk1hc3Rlci4uLg==,,,,,W1NjaG1pZHRdCk1lc3RyZS4uLg==,,W1NjaG1pZHRdCk1hZXN0cm8uLi4=
8/eoDA,,W1Zhcm11bnQncyBQaGFudG9tXQpXaGF0IG9uIGVhcnRoIGlzIHRoaXM/ISBJcyBpdCBhIGtpbmcncyBwcmlkZSwgb3IgcmVja2xlc3MgYnJhdmFkbywgdG8gc3R1YmJvcm5seSBpbnNpc3Qgb24gcHVzaGluZyBmdXJ0aGVyIGluc2lkZSB3aGVuIHRoaXMgbWFzdGVyIGRlc3BlcmF0ZWx5IGhlbGQgaXQgYmFjaz8=,,,,,W0lsdXPDo28gZGUgVmFybXVudF0KRXUgbsOjbyBlbnRlbmRvLiBOw7NzIGVzdGFtb3MgYmxvcXVlYW5kbyBhIGVudHJhZGEsIG1hcyBvIHJlaSBpbnNpc3RlIGVtIGVudHJhci4gw4kgcG9yIHB1cm8gb3JndWxobyBvdSB1bSBhdG8gZGUgYnJhdnVyYT8=,,W0lsdXNpw7NuIGRlIFZhcm11bnRdCk5vIGxvIGVudGllbmRvLiBFc3RhbW9zIGJsb3F1ZWFuZG8gbGEgZW50cmFkYSwgcGVybyBlbCByZXkgaW5zaXN0ZSBlbiBlbnRyYXIuIMK/RXMgcHVybyBvcmd1bGxvIG8gdW4gYWN0byBkZSB2YWxlbnTDrWE/
9PeoDA,,W0hlaW5yaWNoXQpFdmVuIG5vdywgSSB3aWxsIHNlcnZlIFNjaG1pZHQh,,,,,W0hlaW5yaWNoXQpWb3UgcmV0aXJhciBvIFJlaSBTY2htaWR0IGRhcXVpIGFnb3JhIG1lc21vIQ==,,W0hlaW5yaWNoXQrCoVNhY2Fyw6kgYWwgUmV5IFNjaG1pZHQgZGUgYXF1w60gYWhvcmEgbWlzbW8h
9feoDA,,W1Zhcm11bnQncyBQaGFudG9tXQpHb29kIHRoaW5raW5nLiBJJ2xsIHRha2UgY2FyZSBvZiB0aGUgb3JiLCBzbyB5b3UgdHdvIHNob3VsZCBodXJyeSBhbmQgZ2V0IG91dCBvZiB0aGlzIGNhc3RsZS4=,,,,,W0lsdXPDo28gZGUgVmFybXVudF0KQm9hIGlkZWlhLiBFdSBjdWlkYXJlaSBkbyBvcmJlLCBlbnTDo28gdm9jw6pzIGRvaXMgZGV2ZW0gc2UgYXByZXNzYXIgZSBzYWlyIGRlc3RlIGNhc3RlbG8u,,W0lsdXNpw7NuIGRlIFZhcm11bnRdCkJ1ZW5hIGlkZWEuIFlvIG1lIGVuY2FyZ2Fyw6kgZGVsIG9yYmUsIGFzw60gcXVlIHVzdGVkZXMgZG9zIGRlYmVuIGFwdXJhcnNlIHkgc2FsaXIgZGUgZXN0ZSBjYXN0aWxsby4=
9veoDA,,OQ==,,,,,OQ==,,OQ==
9/eoDA,,W09zY2FyXQpJIHRoaW5rIEnigJl2ZSBzZWVuIHRoaXMgc2NlbmUgYWJvdXQgODI0LDAwMCB0aW1lcyBieSBub3cu,,,,,W09zY2FyXQpBY2hvIHF1ZSBqw6EgdmkgZXNzYSBjZW5hIGNlcmNhIGRlIDgyNC4wMDAgdmV6ZXMu,,W09zY2FyXQpDcmVvIHF1ZSB5YSBoZSB2aXN0byBlc3RhIGVzY2VuYSB1bmFzIDgyNCAwMDAgdmVjZXMu
+PeoDA,,W09zY2FyXQpUaGVyZSB3ZXJlIHRpbWVzIGl0IGJyYW5jaGVkIG9mZiBpbiBhIGRpZmZlcmVudCBkaXJlY3Rpb24sIGJ1dCB0aGUgZGltZW5zaW9uIHlvdSBzYXcgZm9sbG93cyBvcmRpbmFyeSBoaXN0b3J5Lg==,,,,,W09zY2FyXQrDgHMgdmV6ZXMgdm9jw6ogY2FpIGVtIHVtYSBsaW5oYSBkbyB0ZW1wbyBkaWZlcmVudGUsIG1hcyBhIGRpbWVuc8OjbyBxdWUgdm9jw6ogdsOqIMOpIGNvbW8gYSBoaXN0w7NyaWEgYWNvbnRlY2V1Lg==,,W09zY2FyXQpBIHZlY2VzIGNhZXMgZW4gdW5hIGzDrW5lYSB0ZW1wb3JhbCBkaWZlcmVudGUsIHBlcm8gbGEgZGltZW5zacOzbiBxdWUgdmVzIGVzIGNvbW8gc3VjZWRpw7MgbGEgaGlzdG9yaWEu
+feoDA,,W09zY2FyXQpGcm9tIG5vdyBvbiwgd2UgbXVzdCBzZXQgdXAgYSBkaW1lbnNpb25hbCBiYXJyaWVyIGFuZCBvYnNlcnZlIFNjaG1pZHQncyBzdG9yeS4gV2hhdCB5b3UgYXJlIGFib3V0IHRvIHNlZSBpbiB0aW1lIGlzIHZlcnkgZGFuZ2Vyb3VzLg==,,,,,W09zY2FyXQpEZSBhZ29yYSBlbSBkaWFudGUsIGRldmVtb3MgZXN0YWJlbGVjZXIgYSBiYXJyZWlyYSBkaW1lbnNpb25hbCBlIG9ic2VydmFyIGEgaGlzdMOzcmlhIGRlIFNjaG1pZHQuIEEgcGFydGlyIGRlIGFnb3JhLCBvIHF1ZSB2YW1vcyB2ZXIgw6kgbXVpdG8gcGVyaWdvc28u,,W09zY2FyXQpBIHBhcnRpciBkZSBhaG9yYSwgZGViZW1vcyBlc3RhYmxlY2VyIGxhIGJhcnJlcmEgZGltZW5zaW9uYWwgeSBvYnNlcnZhciBsYSBoaXN0b3JpYSBkZSBTY2htaWR0LiBEZSBhaG9yYSBlbiBhZGVsYW50ZSwgbG8gcXVlIHZlcmVtb3Mgc2Vyw6EgbXV5IHBlbGlncm9zby4=
+veoDA,,W09zY2FyXQpFdmVuIFNjaG1pZHQgb3IgSGVpbnJpY2gsIGFuZCBldmVuIEhlaW5yaWNoLCB3aG8gaXMgc2tpbGxlZCBpbiB0aW1lLXNwYWNlIG1hZ2ljLCB3b24ndCBiZSBhYmxlIHRvIHNlbnNlIHlvdXIgcHJlc2VuY2Uu,,,,,W09zY2FyXQpQcm92YXZlbG1lbnRlIG5lbSBtZXNtbyBTY2htaWR0IG91IEhlaW5yaWNoIHNlcsOjbyBjYXBhemVzIGRlIGRldGVjdGFyIHN1YSBwcmVzZW7Dp2Eu,,W09zY2FyXQpQcm9iYWJsZW1lbnRlIG5pIHNpcXVpZXJhIFNjaG1pZHQgbyBIZWlucmljaCBzZXLDoW4gY2FwYWNlcyBkZSBkZXRlY3RhciB0dSBwcmVzZW5jaWEu
+/eoDA,,W09zY2FyXQpTbywgd2lsbCB5b3UgZm9sbG93IFNjaG1pZHQgYW5kIGNvbnRpbnVlIHRoZSBzdG9yeT8gSWYgeW91J3JlIG5vdCBpbnRlcmVzdGVkLCBpdCdzIGZpbmUgdG8gc3RvcCBoZXJlLg==,,,,,W09zY2FyXQpBZ29yYSwgdm9jw6ogcXVlciBzZWd1aXIgU2NobWlkdCBlIGNvbnRpbnVhciBwYXJhIGEgcHLDs3hpbWEgcGFydGUgZGEgaGlzdMOzcmlhPyBTZSBuw6NvIGVzdGl2ZXIgaW50ZXJlc3NlLCBiYXN0YSBzYWlyIGRhcXVpLg==,,W09zY2FyXQpBaG9yYSwgwr9xdWllcmVzIHNlZ3VpciBhIFNjaG1pZHQgeSBjb250aW51YXIgYSBsYSBzaWd1aWVudGUgcGFydGUgZGUgbGEgaGlzdG9yaWE/IFNpIG5vIHRlIGludGVyZXNhLCBzaW1wbGVtZW50ZSBzYWwgZGUgYXF1w60u
/PeoDA,,SSdsbCBmb2xsb3cgeW91Lg==,,,,,U2VndWlyIFNjaG1pZHQ=,,U2VndWlyIGEgU2NobWlkdA==
/feoDA,,W09zY2FyXQpIbW0sIEkgc3VwcG9zZSBzby4gRXZlcnlvbmUgaGFzIGRpZmZlcmVudCBpbnRlcmVzdHMu,,,,,W09zY2FyXQpCZW0sIGFzIHBlc3NvYXMgdMOqbSBpbnRlcmVzc2VzIGRpZmVyZW50ZXMu,,W09zY2FyXQpCdWVubywgbGEgZ2VudGUgdGllbmUgaW50ZXJlc2VzIGRpZmVyZW50ZXMu
/veoDA,,W09zY2FyXQpHb29kIHRoaW5raW5nLiBJZiB5b3XigJl2ZSB0YWtlbiBhIGxvb2ssIHlvdSBzaG91bGQgc2VlIGl0IHRocm91Z2ggdG8gdGhlIGVuZC4=,,,,,W09zY2FyXQpTw6FiaWEgZXNjb2xoYS4gSsOhIHF1ZSB2b2PDqiBjaGVnb3UgYXTDqSBhcXVpLCB2b2PDqiBpcsOhIGF0w6kgbyBmaW0u,,W09zY2FyXQpTYWJpYSBlbGVjY2nDs24uIFlhIHF1ZSBsbGVnYXN0ZSBoYXN0YSBhcXXDrSwgaXLDoXMgaGFzdGEgZWwgZmluYWwu
//eoDA,,MTE=,,,,,MTE=,,MTE=
APioDA,,W09zY2FyXQpBbGwgcmlnaHQsIGxldCdzIGdvIQ==,,,,,W09zY2FyXQpWYW1vcyBsw6Eh,,W09zY2FyXQrCoVZhbW9zIQ==
AfioDA,,VGhpcyB0aW1lLCBwbGVhc2UgYnJlYWsh,,,,,UG9yIGZhdm9yLCBxdWVicmUh,,wqFQb3IgZmF2b3IsIHLDs21wZXRlIQ==
AvioDA,,TW1tISBKdXN0IGEgbGl0dGxlIG1vcmUhIQ==,,,,,VXJnaCwgc8OzIG1haXMgdW0gcG91cXVpbmhvISE=,,VXJnaCwgwqHCoXNvbG8gdW4gcG9jbyBtw6FzISE=
A/ioDA,,V2FzIGl0IGEgZmFpbHVyZT8=,,,,,RnJhY2Fzc2VpPw==,,wr9GYWxsw6k/
BPioDA,,SHVoPyE=,,,,,SMOjPyE=,,wqHCv0VoPyE=
BfioDA,,TWFzdGVyLCB3ZXJlIHlvdSByZWFsbHkgcGxhbm5pbmcgdG8gaGFuZGxlIGl0IGFsb25lPyE=,,,,,TWVzdHJlLCB2b2PDqiBmYXLDoSBpc3NvIHNvemluaG8/,,TWFlc3Rybywgwr9sbyBoYXLDoXMgc29sbz8=
BvioDA,,VmFybXVudCE=,,,,,VmFybXVudCE=,,wqFWYXJtdW50IQ==
B/ioDA,,T3VyIHlvdW5nIGtpbmcgdHJ1bHkgaGFzIG5vIHNlbnNlIG9mIGp1ZGdtZW50Lg==,,,,,Tm9zc28gam92ZW0gcmVpIHJlYWxtZW50ZSBuw6NvIHRlbSBqdcOtem8u,,TnVlc3RybyBqb3ZlbiByZXkgcmVhbG1lbnRlIG5vIHRpZW5lIGp1aWNpby4=
CPioDA,,VG8gd2FzdGUgdGhlIHByZWNpb3VzIHRpbWUgc29tZW9uZSB5aWVsZGVkIHRvIHlvdSBvbiBzb21ldGhpbmcgbGVzcyB3b3J0aHdoaWxlIHRoYW4gYWZ0ZXJub29uIHRlYS4uLiB5b3UgbWlnaHQgYXMgd2VsbCBoYXZlIGhhZCBhIGN1cCBvZiB0ZWEgaW5zdGVhZCwgc2hvdWxkbid0IHlvdT8=,,,,,Vm9jw6ogZXN0w6EgZmF6ZW5kbyBldSBwZXJkZXIgbyBtZXUgdGVtcG8gcHJlY2lvc28gYXF1aSE=,,wqFNZSBoYWNlcyBwZXJkZXIgbWkgdGllbXBvIHByZWNpb3NvIGFxdcOtIQ==
CfioDA,,SSB3aWxsIGFjY2VwdCB5b3VyIHNjb2xkaW5nIGxhdGVyLiBCdXQgZm9yIG5vdywgc2hvdWxkIHdlIG5vdCBkZWFsIHdpdGggdGhlIHByb2JsZW0gcmlnaHQgYmVmb3JlIHVzPw==,,,,,RXUgZW50ZW5kbyBhIGJyb25jYSwgbWFzIG7Do28gZGV2ZXLDrWFtb3MgcmVzb2x2ZXIgbyBwcm9ibGVtYSBwcmltZWlybz8=,,RW50aWVuZG8gZWwgcmVnYcOxbywgcGVybyDCv25vIGRlYmVyw61hbW9zIHJlc29sdmVyIGVsIHByb2JsZW1hIHByaW1lcm8/
CvioDA,,SGFoLi4uIFlvdW5nIGtpbmcuIFRoZSBiaWdnZXN0IHByb2JsZW0gYmVmb3JlIG15IGV5ZXMgcmlnaHQgbm93IGlzIHRoYXQgeW91IGFyZSBzdGlsbCBoZXJlLg==,,,,,SGFoYS4uLiBqb3ZlbSByZWkuIE8gbWFpb3IgcHJvYmxlbWEgcGFyYSBtaW0gYWdvcmEgw6kgcXVlIHZvY8OqIGFpbmRhIGVzdMOhIGFxdWku,,SmFqYS4uLiBqb3ZlbiByZXkuIEVsIG1heW9yIHByb2JsZW1hIHBhcmEgbcOtIGFob3JhIGVzIHF1ZSB0w7ogYcO6biBlc3TDoXMgYXF1w60u
C/ioDA,,TWFzdGVyIQ==,,,,,TWVzdHJlIQ==,,wqFNYWVzdHJvIQ==
DPioDA,,TGVhdmUuIFRoZSBiZXN0IHdheSB5b3UgY2FuIGhlbHAgbWUgaXMgdG8gZ2V0IGFzIGZhciBhd2F5IGZyb20gdGhpcyBwbGFjZSBhcyBwb3NzaWJsZS4=,,,,,Vm9sdGUuIFZvY8OqIHZhaSBtZSBhanVkYXIgZmljYW5kbyBvIG1haXMgbG9uZ2UgcG9zc8OtdmVsIGRlc3RlIGx1Z2FyLg==,,UmVncmVzYS4gTWUgYXl1ZGFyw6FzIHF1ZWTDoW5kb3RlIGxvIG3DoXMgbGVqb3MgcG9zaWJsZSBkZSBlc3RlIGx1Z2FyLg==
DfioDA,,TWFzdGVyISBJZiB5b3Ugam9pbiBmb3JjZXMgd2l0aCBtZSwgd2Ugc2hvdWxkIGJlIGFibGUgdG8gZGVzdHJveSB0aGlzIG9yYiB3aXRoIGVhc2Uh,,,,,TWVzdHJlISBTZSB2b2PDqiB1bmlyIGZvcsOnYXMgY29taWdvLCBwb2RlbW9zIGRlc3RydWlyIGZhY2lsbWVudGUgZXN0ZSBvcmJlIQ==,,wqFNYWVzdHJvISBTaSB1bmVzIGZ1ZXJ6YXMgY29ubWlnbywgwqFwb2RlbW9zIGRlc3RydWlyIGbDoWNpbG1lbnRlIGVzdGUgb3JiZSE=
DvioDA,,T2YgY291cnNlIGl0IGlzLiBEaWQgeW91IHRydWx5IHRoaW5rIEksIHlvdXIgbWFzdGVyLCB3b3VsZCBub3QgdXNlIHRoYXQgbWV0aG9kIHNpbXBseSBiZWNhdXNlIEkgZGlkIG5vdCBrbm93IGl0Pw==,,,,,Vm9jw6ogYWNoYSBtZXNtbyBxdWUgZXUgbsOjbyBwb3NzbyBmYXplciBpc3NvIHNvemluaG8/,,wr9EZSB2ZXJkYWQgY3JlZXMgcXVlIG5vIHB1ZWRvIGhhY2VybG8gc29sbz8=
D/ioDA,,Li4u,,,,,Li4u,,Li4u
EPioDA,,TGV0IG1lIHRlbGwgeW91IHdoeSBJIHdhbnRlZCB0byBrZWVwIHlvdSBmYXIgYXdheSBmcm9tIHRoaXMgY2FzdGxlLiBGaXJzdCwgdGFrZSB5b3VyIGhhbmQgb2ZmIHRoYXQgb3JiIGJlZm9yZSB5b3UgYnJlYWsgaXQgYXQgYW55IG1vbWVudC4=,,,,,Vm91IHRlIGNvbnRhciBwb3IgcXVlIHF1ZXJpYSBtYW50w6otbG8gbG9uZ2UgZGVzdGUgY2FzdGVsby4gUHJpbWVpcm8sIGFiYWl4ZSBzdWEgYXJtYS4=,,VGUgY29udGFyw6kgcG9yIHF1w6kgcXVlcsOtYSBtYW50ZW5lcnRlIGxlam9zIGRlIGVzdGUgY2FzdGlsbG8uIFByaW1lcm8sIGJhamEgdHUgYXJtYS4=
EfioDA,,U2NobWlkdCBZb3VyIE1hamVzdHkuIEZvciBub3csIHBsZWFzZSBmb2xsb3cgdGhlIEdyZWF0IFNhZ2UncyB3b3Jkcy4gVGhpcyBvcmIgbG9va3MgZGFuZ2Vyb3VzIQ==,,,,,Vm9zc2EgTWFqZXN0YWRlIFNjaG1pZHQuIFBvciBlbnF1YW50bywgc2lnYSBhcyBwYWxhdnJhcyBkbyBHcmFuZGUgU8OhYmlvLiBFc3RlIG9yYmUgw6kgcGVyaWdvc28h,,U3UgTWFqZXN0YWQgU2NobWlkdC4gUG9yIGFob3JhLCBzaWdhIGxhcyBwYWxhYnJhcyBkZWwgR3JhbiBTYWJpby4gwqFFc3RlIG9yYmUgZXMgcGVsaWdyb3NvIQ==
EvioDA,,MTI=,,,,,MTI=,,MTI=
E/ioDA,,W1Zhcm11bnRdCllvdW5nIGtpbmcsIGxpc3RlbiB3ZWxsLiBCeSB0aGUgcG93ZXIgSSBoYXZlIHRvIHJlYWQgbWFuYSwgSSBqdWRnZSB0aGF0IHRoaXMgb3JiIGhhcyBubyB3ZWFrbmVzcy4=,,,,,W1Zhcm11bnRdCk91w6dhIGNvbSBhdGVuw6fDo28sIGpvdmVtIHJlaS4gQSBqdWxnYXIgcGVsb3MgcG9kZXJlcywgZXN0ZSBvcmJlIG7Do28gdGVtIGZyYXF1ZXphcy4=,,W1Zhcm11bnRdCkVzY3VjaGEgY29uIGF0ZW5jacOzbiwgam92ZW4gcmV5LiBBIGp1emdhciBwb3IgbG9zIHBvZGVyZXMsIGVzdGUgb3JiZSBubyB0aWVuZSBkZWJpbGlkYWRlcy4=
FPioDA,,W1Zhcm11bnRdClRoaXMgb2JqZWN0IGNvbnN0YW50bHkgYWJzb3JicyBhIHNtYWxsIGFtb3VudCBvZiBsaWZlIGZvcmNlIGZyb20gZXZlcnl0aGluZyBhcm91bmQgaXQsIGV4cGFuZGluZyBpdHMgcmVhY2gu,,,,,W1Zhcm11bnRdCkVzdGUgb2JqZXRvIGVzdMOhIGFic29ydmVuZG8gY29uc3RhbnRlbWVudGUsIGFvcyBwb3Vjb3MsIHRvZGEgYSBmb3LDp2Egdml0YWwgYW8gc2V1IHJlZG9yIGUgZXhwYW5kaW5kbyBzZXUgdGVycml0w7NyaW8u,,W1Zhcm11bnRdCkVzdGUgb2JqZXRvIGVzdMOhIGFic29yYmllbmRvIGNvbnN0YW50ZW1lbnRlLCBwb2NvIGEgcG9jbywgdG9kYSBsYSBmdWVyemEgdml0YWwgYSBzdSBhbHJlZGVkb3IgeSBleHBhbmRpZW5kbyBzdSB0ZXJyaXRvcmlvLg==
FfioDA,,W1NjaG1pZHRdCkkgYXNzdW1lZCB0aGF0IHdhcyB3aHkgdGhlIGxpdmluZyBjcmVhdHVyZXMgbmVhcmJ5IHdlcmUgc2xvd2x5IHR1cm5pbmcgaW50byBiZWluZ3Mgb2YgZGVhdGgu,,,,,W1NjaG1pZHRdCkFjaG8gcXVlIGVyYSBwb3IgaXNzbyBxdWUgYXMgY3JpYXR1cmFzIHByw7N4aW1hcyBlc3RhdmFtIGxlbnRhbWVudGUgc2UgdHJhbnNmb3JtYW5kbyBlbSBtb3J0by12aXZvcy4=,,W1NjaG1pZHRdClN1cG9uZ28gcXVlIHBvciBlc28gbGFzIGNyaWF0dXJhcyBjZXJjYW5hcyBzZSBlc3RhYmFuIHRyYW5zZm9ybWFuZG8gbGVudGFtZW50ZSBlbiBuby1tdWVydG9zLg==
FvioDA,,W1Zhcm11bnRdCkl0IG9ubHkgYWJzb3JicyBhdCBhIHNsb3cgcmF0ZSwgYnV0IEkganVkZ2UgdGhlIGFtb3VudCBvZiBsaWZlIGZvcmNlIGl0IGNhbiBkcmF3IGluIHRvIGJlIHVubGltaXRlZC4gSXQgc2xvd2x5IGRyYXdzIGluIGxpZmUgZm9yY2UgYW5kIHNlcnZlcyBhcyBhIHBhc3NhZ2UgdGhhdCB0cmFuc2ZlcnMgaXQgdG8gYW5vdGhlciBkaW1lbnNpb24u,,,,,W1Zhcm11bnRdCk5vIGVudGFudG8sIGEgdmVsb2NpZGFkZSBkZSBhYnNvcsOnw6NvIMOpIGxlbnRhIGUgYWNyZWRpdG8gYSBhYnNvcsOnw6NvIHNlamEgaWxpbWl0YWRhLiBFbGEgYXR1YSBjb21vIHVtYSBwYXNzYWdlbSBtb3ZlbmRvIGEgZm9yw6dhIHZpdGFsIHBhcmEgb3V0cmEgZGltZW5zw6NvLg==,,W1Zhcm11bnRdClNpbiBlbWJhcmdvLCBsYSB2ZWxvY2lkYWQgZGUgYWJzb3JjacOzbiBlcyBsZW50YSB5IGNyZW8gcXVlIGxhIGFic29yY2nDs24gZXMgaWxpbWl0YWRhLiBBY3TDumEgY29tbyB1biBwYXNhamUgbW92aWVuZG8gbGEgZnVlcnphIHZpdGFsIGEgb3RyYSBkaW1lbnNpw7NuLg==
F/ioDA,,W1NjaG1pZHRd,,,,,W1NjaG1pZHRd,,W1NjaG1pZHRd
GPioDA,,IkEgcGFzc2FnZXdheSE/IEFmdGVyIGdvaW5nIHRvIHRoZSB0cm91YmxlIG9mIHN1Y2tpbmcgaW4gYSBsaXZpbmcgYmVpbmcsIGFsbCBpdCBkb2VzIGlzIGp1c3QgdGhyb3cgaXQgaW50byBhbm90aGVyIGRpbWVuc2lvbj8i,,,,,VW1hIHBhc3NhZ2VtPyEgRWxlIHN1Z2EgYSB2aWRhIGUgYXBlbmFzIGpvZ2EgZW0gb3V0cmEgZGltZW5zw6NvPw==,,wqHCv1VuIHBhc2FqZT8hIMK/QWJzb3JiZSBsYSB2aWRhIHkgc29sbyBsYSBhcnJvamEgYSBvdHJhIGRpbWVuc2nDs24/
GfioDA,,W1Zhcm11bnRdClRoaXMgaXMgYSBjdXJzZSB0aGF0IHJlZWtzIG9mIHRoZSBjcmVhdG9yJ3MgbWFsaWNlLiBUaGUgb25seSB3YXkgdG8gYnJlYWsgaXQgaXMgdG8gZm9yY2libHkgYnJlYXRoZSBsaWZlIGludG8gdGhlIG9yYiBhbmQgb3ZlcmxvYWQgaXQu,,,,,W1Zhcm11bnRdCklzc28gcmVmbGV0ZSBhIG1hbGRhZGUgZGEgY3JpYWRvcmEgZG8gb3JiZS4gQSDDum5pY2EgbWFuZWlyYSBkZSBkZXN0cnVpciDDqSBzb2JyZWNhcnJlZ2FyIG8gb3JiZSB1c2FuZG8gdW1hIHZpZGEu,,W1Zhcm11bnRdCkVzbyByZWZsZWphIGxhIG1hbGRhZCBkZSBsYSBjcmVhZG9yYSBkZWwgb3JiZS4gTGEgw7puaWNhIG1hbmVyYSBkZSBkZXN0cnVpcmxvIGVzIHNvYnJlY2FyZ2FybG8gdXNhbmRvIHVuYSB2aWRhLg==
GvioDA,,W1NjaG1pZHRdClRoYXQgbWVhbnMuLi4=,,,,,W1NjaG1pZHRdCklzc28gc2lnbmlmaWNhLi4u,,W1NjaG1pZHRdCkVzbyBzaWduaWZpY2EuLi4=
G/ioDA,,W1Zhcm11bnRdClNvbWVvbmUgd2l0aCBhIHBvd2VyZnVsIHNvdXJjZSBvZiBsaWZlIHdpbGwgaGF2ZSB0byBwb3VyIHRoZWlyIG93biBsaWZlIGludG8gdGhpcyBvcmIgZm9yIGEgdmVyeSBzaG9ydCB0aW1lLg==,,,,,W1Zhcm11bnRdCkFsZ3XDqW0gdGVyw6EgcXVlIGRlcnJhbWFyIHN1YSB2aWRhIG5lc3RlIG9yYmUgcG9yIHVtIHBlcsOtb2RvIG11aXRvIGN1cnRvIGRlIHRlbXBvLg==,,W1Zhcm11bnRdCkFsZ3VpZW4gdGVuZHLDoSBxdWUgZGVycmFtYXIgc3UgdmlkYSBlbiBlc3RlIG9yYmUgcG9yIHVuIHBlcsOtb2RvIG11eSBjb3J0byBkZSB0aWVtcG8u
HPioDA,,W1Zhcm11bnRdCkFuZCBhcyBpdCBoYXBwZW5zLCB0aGVyZSBpcyBzb21lb25lIGhlcmUgd2hvIGlzIHF1aXRlIHB1cmUgYXMgYSBodW1hbiwgYW5kIGJyaW1taW5nIHdpdGggdml0YWxpdHku,,,,,W1Zhcm11bnRdCkUgYWNvbnRlY2UgcXVlIGjDoSB1bWEgcGVzc29hIGFxdWkgcXVlIMOpIGJhc3RhbnRlIHB1cmEgZSB0ZW0gdW1hIHZpdGFsaWRhZGUgdHJhbnNib3JkYW50ZSBjb21vIHNlciBodW1hbm8u,,W1Zhcm11bnRdClkgcmVzdWx0YSBxdWUgaGF5IHVuYSBwZXJzb25hIGFxdcOtIHF1ZSBlcyBiYXN0YW50ZSBwdXJhIHkgY29uIHVuYSB2aXRhbGlkYWQgZGVzYm9yZGFudGUgY29tbyBzZXIgaHVtYW5vLg==
HfioDA,,W1Zhcm11bnRdCkl0J3MgbWUsIFZhcm11bnQu,,,,,W1Zhcm11bnRdClNvdSBldSwgVmFybXVudC4=,,W1Zhcm11bnRdClNveSB5bywgVmFybXVudC4=
HvioDA,,W0hlaW5yaWNoXQpObyB3YXksIFZhcm11bnQh,,,,,W0hlaW5yaWNoXQpWYXJtdW50Li4uIGRlIGplaXRvIG5lbmh1bSE=,,W0hlaW5yaWNoXQpWYXJtdW50Li4uIMKhZGUgbmluZ3VuYSBtYW5lcmEh
H/ioDA,,W1Zhcm11bnRdClRoZXJlJ3Mgbm8gb3RoZXIgd2F5LCBub3cgeW91IHVuZGVyc3RhbmQsIFNjaG1pZHQuIFdoeSBJIHRvbGQgeW91IHRvIGdvIGFzIGZhciBhd2F5IGFzIHlvdSBjb3VsZC4=,,,,,W1Zhcm11bnRdCk7Do28gaMOhIG91dHJhIG1hbmVpcmEuIEFnb3JhIHZvY8OqIHNhYmUsIFNjaG1pZHQuIFBvciBpc3NvIHF1ZSBldSBkaXNzZSBwYXJhIHZvY8OqIGlyIG8gbWFpcyBsb25nZSBwb3Nzw612ZWwu,,W1Zhcm11bnRdCk5vIGhheSBvdHJhIG1hbmVyYS4gQWhvcmEgbG8gc2FiZXMsIFNjaG1pZHQuIFBvciBlc28gdGUgZGlqZSBxdWUgdGUgZnVlcmFzIGxvIG3DoXMgbGVqb3MgcG9zaWJsZS4=
IPioDA,,W1Zhcm11bnRdCkV2ZW4gaWYgSSBoYWQgbm90IHRhdWdodCB5b3UsIHlvdSB3b3VsZCBoYXZlIGZpZ3VyZWQgb3V0IGhvdyB0byBkZXN0cm95IHRoaXMgb3JiLiBBbmQgc3VyZWx5LCB5b3Ugd291bGQgaGF2ZSBnaXZlbiB5b3VyIGxpZmUu,,,,,W1Zhcm11bnRdClZvY8OqIHRlcmlhIGRlc2NvYmVydG8gY29tbyBkZXN0cnVpciBlc3RlIG9yYmUgbWVzbW8gc2VtIGVuc2luYW1lbnRvLiBFIHZvY8OqIHRlcmlhIGVudHJlZ2FkbyBzdWEgdmlkYS4=,,W1Zhcm11bnRdCkhhYnLDrWFzIGRlc2N1YmllcnRvIGPDs21vIGRlc3RydWlyIGVzdGUgb3JiZSBpbmNsdXNvIHNpbiBlbnNlw7FhbnphLiBZIGhhYnLDrWFzIGVudHJlZ2FkbyB0dSB2aWRhLg==
IfioDA,,W1NjaG1pZHRdCkkgc3VwcG9zZSBzby4=,,,,,W1NjaG1pZHRdClByb3ZhdmVsbWVudGUgc2ltLg==,,W1NjaG1pZHRdClByb2JhYmxlbWVudGUgc8OtLg==
IvioDA,,W1Zhcm11bnRdCkFzIG9uZSB3aG8gc3RhbmRzIGF0IHRoZSBwaW5uYWNsZSBvZiB0aGUgUm95YWwgR3VhcmQsIHlvdSBoYXZlIG1vcmUgdGhhbiBlbm91Z2ggdml0YWxpdHkgdG8gZGVzdHJveSB0aGlzIG9yYi4gQnV0IHlvdSBtdXN0IG5vdCBkaWUu,,,,,W1Zhcm11bnRdClZvY8OqIGVzdMOhIG5vIGF1Z2UgZG9zIEd1YXJkacO1ZXMgUmVhaXMsIHZvY8OqIHRlbSB2aXRhbGlkYWRlIHN1ZmljaWVudGUgcGFyYSBkZXN0cnVpciBlc3RlIG9yYmUuIE1hcyB2b2PDqiBuw6NvIGRldmUgbW9ycmVyLg==,,W1Zhcm11bnRdCkVzdMOhcyBlbiBsYSBjaW1hIGRlIGxvcyBHdWFyZGlhbmVzIFJlYWxlcywgdGllbmVzIHZpdGFsaWRhZCBzdWZpY2llbnRlIHBhcmEgZGVzdHJ1aXIgZXN0ZSBvcmJlLiBQZXJvIG5vIGRlYmVzIG1vcmlyLg==
I/ioDA,,W1Zhcm11bnRdCllvdSBuZXZlciBsaXN0ZW5lZCB0byB0aGlzIG1hc3RlcuKAmXMgd29yZHMgaW4gdGhlIGZpcnN0IHBsYWNlLiBJIG9ubHkgaG9wZSBIaXMgTWFqZXN0eSB3aWxsIGhlZWQgd2hhdCBJIGhhdmUgdG8gc2F5IHRoaXMgdGltZS4=,,,,,W1Zhcm11bnRdClNlaSBxdWUgdm9zc2EgbWFqZXN0YWRlIMOpIHRlaW1vc2EsIG1hcyBlc3Blcm8gcXVlIG8gcmVpIG1lIG91w6dhIHPDsyBkZXN0YSB2ZXou,,W1Zhcm11bnRdClPDqSBxdWUgc3UgbWFqZXN0YWQgZXMgdGVyY28sIHBlcm8gZXNwZXJvIHF1ZSBlbCByZXkgbWUgZXNjdWNoZSBzb2xvIGVzdGEgdmV6Lg==
JPioDA,,W1NjaG1pZHRdClRoZW4gaG93IGRvIHlvdSBwbGFuIHRvIGRlYWwgd2l0aCBNYXN0ZXI/,,,,,W1NjaG1pZHRdCkVudMOjbyBjb21vIHZvY8OqIHBsYW5lamEgbGlkYXIgY29tIGlzc28sIE1lc3RyZT8=,,W1NjaG1pZHRdCkVudG9uY2VzIMK/Y8OzbW8gcGxhbmVhcyBsaWRpYXIgY29uIGVzdG8sIE1hZXN0cm8/
JfioDA,,W1Zhcm11bnRdCkkgcGxhbiB0byBjb252ZXJ0IG15IGxpZmUgZm9yY2UgaW50byBtYW5hIGFuZCBwb3VyIGl0IGludG8gdGhlIG9yYi4gSWYgSSBjYW4gZm9jdXMgaXQgYWxsIGludG8gdGhlIG9yYiBpbiBhIHNpbmdsZSBtb21lbnQsIEkgdGhpbmsgaXQgbWlnaHQgYmUgcG9zc2libGUgdG8gZGVzdHJveSBpdC4=,,,,,W1Zhcm11bnRdClByZXRlbmRvIHRyb2NhciBtaW5oYSBmb3LDp2Egdml0YWwgcG9yIG1hbmEgZSBkZXNwZWrDoS1sYSBubyBvcmJlLiBBY2hvIHF1ZSBzZXJpYSBwb3Nzw612ZWwgZGVzdHJ1w60tbG8gc2UgZXUgcHVkZXNzZSBtZSBjb25jZW50cmFyIG5vIG9yYmUgcG9yIHVtIG1vbWVudG8u,,W1Zhcm11bnRdClByZXRlbmRvIGNvbnZlcnRpciBtaSBmdWVyemEgdml0YWwgZW4gbWFuw6EgeSB2ZXJ0ZXJsYSBlbiBlbCBvcmJlLiBDcmVvIHF1ZSBzZXLDrWEgcG9zaWJsZSBkZXN0cnVpcmxvIHNpIHB1ZGllcmEgY29uY2VudHJhcm1lIGVuIGVsIG9yYmUgcG9yIHVuIG1vbWVudG8u
JvioDA,,W1NjaG1pZHRdCk1hc3RlciEgRG9lc27igJl0IHRoYXQgbWVhbiB5b3XigJlyZSBhYm91dCB0byB0aHJvdyB5b3VyIGxpZmUgYXdheT8=,,,,,W1NjaG1pZHRdCk1lc3RyZSEgSXNzbyBuw6NvIHNpZ25pZmljYSBxdWUgdm9jw6ogZXN0w6EgZW50cmVnYW5kbyBzdWEgdmlkYT8=,,W1NjaG1pZHRdCsKhTWFlc3RybyEgwr9Fc28gbm8gc2lnbmlmaWNhIHF1ZSBlc3TDoXMgZW50cmVnYW5kbyB0dSB2aWRhPw==
J/ioDA,,W1Zhcm11bnRdCklzIHRoZXJlIGFub3RoZXIgb3B0aW9uPw==,,,,,W1Zhcm11bnRdCkV4aXN0ZSBvdXRyYSBzYcOtZGE/,,W1Zhcm11bnRdCsK/RXhpc3RlIG90cmEgc2FsaWRhPw==
KPioDA,,W1NjaG1pZHRdCk1hc3RlciwgeW91IGFyZSB0aGUgb25seSBncmVhdCBzYWdlIG9uIHRoaXMgZW50aXJlIGNvbnRpbmVudC4gSGF2ZSB5b3UgZXZlciBjb25zaWRlcmVkIHRoZSBjaGFvcyB0aGF0IHdpbGwgZm9sbG93IGFmdGVyIHlvdXIgcGFzc2luZz8=,,,,,W1NjaG1pZHRdCk1lc3RyZSwgdm9jw6ogw6kgbyDDum5pY28gZ3JhbmRlIHPDoWJpbyBlbSB0b2RvIG8gY29udGluZW50ZS4gVm9jw6ogasOhIHBlbnNvdSBubyBjYW9zIHF1ZSBvY29ycmVyw6EgYXDDs3Mgc3VhIG1vcnRlPw==,,W1NjaG1pZHRdCk1hZXN0cm8sIHTDuiBlcmVzIGVsIMO6bmljbyBncmFuIHNhYmlvIGVuIHRvZG8gZWwgY29udGluZW50ZS4gwr9ZYSBwZW5zYXN0ZSBlbiBlbCBjYW9zIHF1ZSBvY3Vycmlyw6EgdHJhcyB0dSBtdWVydGU/
KfioDA,,W1Zhcm11bnRdCi4uLi4uLg==,,,,,W1Zhcm11bnRdCi4uLi4uLg==,,W1Zhcm11bnRdCi4uLi4uLg==
KvioDA,,W1NjaG1pZHRdCklmIHRoZSBraW5nIGdvZXMgbWlzc2luZywgdGhlcmUgd2lsbCBiZSBzb21lIGNvbmZ1c2lvbiBmb3IgYSB3aGlsZS4gSG93ZXZlciwgYnkgcm95YWwgZGVjcmVlLCB0aGUgcGVyc29uIHRvIGFjdCBpbiBoaXMgcGxhY2UgYW5kIHRoZSBwZXJzb24gdG8gc3VjY2VlZCBoaW0gaGF2ZSBhbHJlYWR5IGJlZW4gZGVjaWRlZC4=,,,,,W1NjaG1pZHRdClNlIHVtIHJlaSBtb3JyZXIsIGxvZ28gc3VyZ2lyw6Egb3V0cm8gcXVlIG8gc3VjZWRlcsOhLiDDiSBkZXRlcm1pbmFkbyBkZSBhY29yZG8gY29tIG8gZGVjcmV0byByZWFsLg==,,W1NjaG1pZHRdClNpIHVuIHJleSBtdWVyZSwgcHJvbnRvIHN1cmdpcsOhIG90cm8gcXVlIGxvIHN1Y2VkYS4gRXN0w6EgZGV0ZXJtaW5hZG8gcG9yIGVsIGRlY3JldG8gcmVhbC4=
K/ioDA,,W1NjaG1pZHRdCkJ1dCB3aWxsIHRoZXJlIHJlYWxseSBiZSBhbnlvbmUgd2hvIGNhbiByZXBsYWNlIE1hc3Rlcj8gSeKAmW0gY2VydGFpbiB0aGF0IG5vIG9uZSBsaWtlIHRoYXQgd2lsbCBhcHBlYXIgZm9yIHRoZSBuZXh0IGZldyBodW5kcmVkIHllYXJzLg==,,,,,W1NjaG1pZHRdCk1hcyBleGlzdGUgYWxndcOpbSBwYXJhIHN1YnN0aXR1aXIgdW0gR3JhbmRlIFPDoWJpbz8gVGVuaG8gY2VydGV6YSBxdWUgYWxndcOpbSBhc3NpbSBuw6NvIGFwYXJlY2Vyw6Egbm9zIHByw7N4aW1vcyAxMDAgYW5vcy4=,,W1NjaG1pZHRdClBlcm8gwr9leGlzdGUgYWxndWllbiBxdWUgcHVlZGEgcmVlbXBsYXphciBhbCBHcmFuIFNhYmlvPyBFc3RveSBzZWd1cm8gZGUgcXVlIGFsZ3VpZW4gYXPDrSBubyBhcGFyZWNlcsOhIGVuIGxvcyBwcsOzeGltb3MgMTAwIGHDsW9zLg==
LPioDA,,W1Zhcm11bnRdCk5vbnNlbnNlIQ==,,,,,W1Zhcm11bnRdCklzc28gw6kgYnVycmljZSE=,,W1Zhcm11bnRdCsKhRXNvIGVzIHVuYSB0b250ZXLDrWEh
LfioDA,,W0hlaW5yaWNoXQpZb3VyIEhpZ2huZXNzIFNjaG1pZHQsIHBsZWFzZSBjYWxtIGRvd24gZm9yIGEgbW9tZW50LiBBbmQgVmFybXVudCwgd291bGQgeW91IGxpc3RlbiB0byB3aGF0IEkgaGF2ZSB0byBzYXk/,,,,,W0hlaW5yaWNoXQpWb3NzYSBNYWplc3RhZGUgU2NobWlkdCwgcG9yIGZhdm9yLCBhY2FsbWUtc2UgcG9yIHVtIG1vbWVudG8uIEUgU3IuIFZhcm11bnQsIHBvciBmYXZvciwgbWUgZXNjdXRlLg==,,W0hlaW5yaWNoXQpTdSBNYWplc3RhZCBTY2htaWR0LCBwb3IgZmF2b3IsIGPDoWxtZXNlIHVuIG1vbWVudG8uIFkgU3IuIFZhcm11bnQsIHBvciBmYXZvciwgZXNjw7pjaGVtZS4=
LvioDA,,W0hlaW5yaWNoXQpJbiBteSBvcGluaW9uLCBib3RoIG9mIHlvdSBhcmUgaW5kaXNwZW5zYWJsZSB0byB0aGlzIGNvbnRpbmVudCBhbmQgdGhlIGtpbmdkb20uIEV2ZW4gaWYganVzdCBvbmUgb2YgeW91IHdlcmUgYWJzZW50LCB3ZSB3b3VsZCBsaWtlbHkgZmFjZSBncmVhdCB0dXJtb2lsLg==,,,,,W0hlaW5yaWNoXQpOYSBtaW5oYSBvcGluacOjbywgdm9jw6pzIGRvaXMgc8OjbyBpbmRpc3BlbnPDoXZlaXMgcGFyYSBlc3RlIGNvbnRpbmVudGUgZSByZWluby4gU2UgdW0gZXN0aXZlciBhdXNlbnRlLCBoYXZlcmlhIHVtIGdyYW5kZSBjYW9zLg==,,W0hlaW5yaWNoXQpFbiBtaSBvcGluacOzbiwgdXN0ZWRlcyBkb3Mgc29uIGluZGlzcGVuc2FibGVzIHBhcmEgZXN0ZSBjb250aW5lbnRlIHkgcmVpbm8uIFNpIHVubyBmYWx0YSwgaGFicsOtYSB1biBncmFuIGNhb3Mu
L/ioDA,,W0hlaW5yaWNoXQpIb3cgYWJvdXQgdGhpcz8gSXQgbWF5IG5vdCBjb21wYXJlIHRvIHRoZSBkaXZpbmUgcG93ZXIgb2YgeW91IHR3bywgYnV0IHdpdGggbXkgbGlmZSBmb3JjZSwgSSBzaG91bGQgYXQgbGVhc3QgYmUgYWJsZSB0byBkZXN0cm95IHRoZSBvcmIu,,,,,W0hlaW5yaWNoXQpRdWUgdGFsIGZhemVyIGFzc2ltPyBQb3NzbyBuw6NvIHNlciB0w6NvIGJvbSBxdWFudG8gdm9jw6pzIGRvaXMsIG1hcyBtaW5oYSB2aXRhbGlkYWRlIHByb3ZhdmVsbWVudGUgc2Vyw6Egc3VmaWNpZW50ZSBwYXJhIGRlc3RydWlyIG8gb3JiZS4=,,W0hlaW5yaWNoXQrCv1F1w6kgdGFsIHNpIGhhY2Vtb3MgYXPDrT8gUHVlZGUgcXVlIG5vIHNlYSB0YW4gYnVlbm8gY29tbyB1c3RlZGVzIGRvcywgcGVybyBtaSB2aXRhbGlkYWQgcHJvYmFibGVtZW50ZSBzZXLDoSBzdWZpY2llbnRlIHBhcmEgZGVzdHJ1aXIgZWwgb3JiZS4=
MPioDA,,W0hlaW5yaWNoXQpPZiB0aGUgb3B0aW9ucyB3ZSBjYW4gY2hvb3NlIHJpZ2h0IG5vdywgSSBiZWxpZXZlIHRoaXMgaXMgcHJvYmFibHkgdGhlIG1vc3QgcmVhc29uYWJsZSBvbmUu,,,,,W0hlaW5yaWNoXQpEZSB0b2RhcyBhcyBvcMOnw7VlcyBkaXNwb27DrXZlaXMgYWdvcmEsIGV1IHNvdSBhIGVzY29saGEgbWFpcyByYXpvw6F2ZWwu,,W0hlaW5yaWNoXQpEZSB0b2RhcyBsYXMgb3BjaW9uZXMgZGlzcG9uaWJsZXMgYWhvcmEsIHlvIHNveSBsYSBlbGVjY2nDs24gbcOhcyByYXpvbmFibGUu
MfioDA,,W1NjaG1pZHRdCk5vbnNlbnNlISBBcmUgeW91IHRyeWluZyB0byBtYWtlIG1lIGxpdmUgbXkgd2hvbGUgbGlmZSB0b3JtZW50ZWQgYnkgZ3VpbHQsIEhlaW5yaWNoIQ==,,,,,W1NjaG1pZHRdCkJvYmFnZW0hIFZvY8OqIHZhaSBtZSBmYXplciBzb2ZyZXIgZGUgY3VscGEgcGVsbyByZXN0byBkYSBtaW5oYSB2aWRhLCBIZWlucmljaCE=,,W1NjaG1pZHRdCsKhVG9udGVyw61hcyEgwqFNZSBoYXLDrWFzIGNhcmdhciBjb24gbGEgY3VscGEgcG9yIGVsIHJlc3RvIGRlIG1pIHZpZGEsIEhlaW5yaWNoIQ==
MvioDA,,W1NjaG1pZHRdCllvdSBhcmUgYSBzdWJqZWN0IG9mIHRoaXMga2luZ2RvbS4gTXkgY2xvc2UgZnJpZW5kLiBBbmQgYSBjaXRpemVuIEkgbXVzdCBwcm90ZWN0LiBJcyBpdCByaWdodCBmb3IgYSBraW5nIHRvIHN1cnZpdmUgYnkgc3RlcHBpbmcgb24gdGhlIGxpdmVzIG9mIGhpcyBvd24gcGVvcGxlIQ==,,,,,W1NjaG1pZHRdClZvY8OqIMOpIHVtIHPDumRpdG8gZGVzdGUgcmVpbm8uIFZvY8OqIMOpIG1ldSBhbWlnbyBwcsOzeGltby4gVm9jw6ogw6kgdW0gY2lkYWTDo28gcXVlIGRldm8gcHJvdGVnZXIuIMOJIGRpZ25vIGRlIHVtIHJlaSBxdWUgc2FjcmlmaWNhIGEgdmlkYSBkZSBzZXUgcHLDs3ByaW8gcG92byBwYXJhIHNvYnJldml2ZXIh,,W1NjaG1pZHRdCkVyZXMgdW4gc8O6YmRpdG8gZGUgZXN0ZSByZWluby4gRXJlcyBtaSBhbWlnbyBjZXJjYW5vLiBFcmVzIHVuIGNpdWRhZGFubyBxdWUgZGVibyBwcm90ZWdlci4gwqFObyBlcyBkaWdubyBkZSB1biByZXkgc2FjcmlmaWNhciBsYSB2aWRhIGRlIHN1IHByb3BpbyBwdWVibG8gcGFyYSBzb2JyZXZpdmlyIQ==
M/ioDA,,W1NjaG1pZHRdCkkgbXVzdCBkZXN0cm95IHRoaXMgb3JiLiBQcm90ZWN0aW5nIHRoZSBwZW9wbGUgb2YgdGhlIGtpbmdkb20gaXMgdGhlIGtpbmcncyBkdXR5LiBZb3UgaGF2ZSBubyBvYmplY3Rpb25zIHRvIHRoYXQsIGRvIHlvdT8=,,,,,W1NjaG1pZHRdCkRldm8gZGVzdHJ1aXIgZXN0ZSBvcmJlLiDDiSBkZXZlciBkbyByZWkgcHJvdGVnZXIgbyBwb3ZvIGRvIHJlaW5vLiBOw6NvIGjDoSBvYmplw6fDtWVzIHNvYnJlIGlzc28sIGNlcnRvPw==,,W1NjaG1pZHRdCkRlYm8gZGVzdHJ1aXIgZXN0ZSBvcmJlLiBFcyBkZWJlciBkZWwgcmV5IHByb3RlZ2VyIGFsIHB1ZWJsbyBkZWwgcmVpbm8uIE5vIGhheSBvYmplY2lvbmVzIHNvYnJlIGVzbywgwr92ZXJkYWQ/
NPioDA,,W1Zhcm11bnRdCllvdSdyZSBiZWluZyBmYXIgdG9vIHJlY2tsZXNzLCBTaXIgSGVpbnJpY2ghIEFuZCBzdG9wIHRoYXQgcG9pbnRsZXNzIHRhbGssIFNjaG1pZHQhIEkndmUgYmVlbiBsaXN0ZW5pbmcgYW5kIGxpc3RlbmluZ+KAlHdoYXQgZG8geW91IHRha2UgdGhpcyBtYXN0ZXIgZm9yPw==,,,,,W1Zhcm11bnRdClZvY8OqIMOpIG11aXRvIGltcHJ1ZGVudGUsIEhlaW5yaWNoISBFIHBhcmUgZGUgZmFsYXIgYm9iYWdlbSwgU2NobWlkdCEgUG9yIHF1ZSBuw6NvIHBvZGUgc2VyIGV1Pw==,,W1Zhcm11bnRdCsKhRXJlcyBkZW1hc2lhZG8gaW1wcnVkZW50ZSwgSGVpbnJpY2ghIMKhWSBkZWphIGRlIGRlY2lyIHRvbnRlcsOtYXMsIFNjaG1pZHQhIMK/UG9yIHF1w6kgbm8gcHVlZG8gc2VyIHlvPw==
NfioDA,,W1Zhcm11bnRdCkFyZSB5b3UgdHJ5aW5nIHRvIG1ha2UgbWUgYSBtYXN0ZXIgd2hvIHN1cnZpdmVkIGF0IHRoZSBjb3N0IG9mIG15IGRpc2NpcGxlJ3MgbGlmZT8h,,,,,W1Zhcm11bnRdClZvY8OqIHJlYWxtZW50ZSB2YWkgbWUgdG9ybmFyIHVtIFPDoWJpbyBxdWUgc2FjcmlmaWNhIGEgdmlkYSBkb3MgbWV1cyBkaXNjw61wdWxvcz8=,,W1Zhcm11bnRdCsK/RGUgdmVyZGFkIHF1aWVyZXMgY29udmVydGlybWUgZW4gdW4gU2FiaW8gcXVlIHNhY3JpZmljYSBsYSB2aWRhIGRlIHN1cyBkaXNjw61wdWxvcz8=
NvioDA,,W1NjaG1pZHRdCk1hc3Rlci4gRXZlbiB3aGlsZSB3ZSBhcmd1ZSBsaWtlIHRoaXMsIHRoZSBvcmIgaXMgc3RpbGwgZXhwYW5kaW5nIGl0cyBwb3dlci4=,,,,,W1NjaG1pZHRdCk1lc3RyZS4gRW5xdWFudG8gZGlzY3V0aW1vcywgbyBvcmJlIGVzdMOhIGV4cGFuZGluZG8gc2V1IHBvZGVyLg==,,W1NjaG1pZHRdCk1hZXN0cm8uIE1pZW50cmFzIGRpc2N1dGltb3MsIGVsIG9yYmUgZXN0w6EgZXhwYW5kaWVuZG8gc3UgcG9kZXIu
N/ioDA,,W1NjaG1pZHRdCkkgZG9uJ3QgdGhpbmsgd2UgY2FuIGFmZm9yZCB0byBkZWxheSBhbnkgbG9uZ2VyLiBJJ2xsIGdvIG9uIGFoZWFkLiBCcmluZyBIZWlucmljaCBhbmQgVmFybXVudCE=,,,,,W1NjaG1pZHRdCkFjaG8gcXVlIG7Do28gZGV2ZW1vcyBkZW1vcmFyIG1haXMuIEV1IGlyZWkgcHJpbWVpcm8hIQ==,,W1NjaG1pZHRdCkNyZW8gcXVlIG5vIGRlYmVtb3MgZGVtb3JhciBtw6FzLiDCoVlvIGlyw6kgcHJpbWVybyE=
OPioDA,,W0hlaW5yaWNoXQpZb3VyIE1hamVzdHkgU2NobWlkdC4gTm8gd2F5ISE=,,,,,W0hlaW5yaWNoXQpWb3NzYSBNYWplc3RhZGUgU2NobWlkdC4gRGUgamVpdG8gbmVuaHVtISE=,,W0hlaW5yaWNoXQpTdSBNYWplc3RhZCBTY2htaWR0LiDCoURlIG5pbmd1bmEgbWFuZXJhIQ==
OfioDA,,W1Zhcm11bnRdClN0b3AgaXQhIFNjaG1pZHQh,,,,,W1Zhcm11bnRdClBhcmUgY29tIGlzc28hIFNjaG1pZHQh,,W1Zhcm11bnRdCsKhUGFyYSEgwqFTY2htaWR0IQ==
OvioDA,,MTM=,,,,,MTM=,,MTM=
O/ioDA,,W1NjaG1pZHRdCktycnJnaCEhIFV3YWFhYWFhaCEhISEhIQ==,,,,,W1NjaG1pZHRdCkFBQSEhIEFhYWFhYSEhISEhIQ==,,W1NjaG1pZHRdCsKhwqFBQUEhISDCocKhwqFBYWFhYWEhISEhISE=
PPioDA,,W1Zhcm11bnRdClNjaG1pZHQhIFdhaXQhIEnigJlsbCBkbyBzb21ldGhpbmcsIHNvbWVob3ch,,,,,W1Zhcm11bnRdClNjaG1pZHQhIEVzcGVyZSwgZmFyZWkgYWxndW1hIGNvaXNhIQ==,,W1Zhcm11bnRdCsKhU2NobWlkdCEgRXNwZXJhLCDCoWhhcsOpIGFsZ28h
PfioDA,,W1NjaG1pZHRdClVnaC4uLiBObyEgRG8gbm90IGNvbWUgYW55IGNsb3NlciE=,,,,,W1NjaG1pZHRdClVnaC4uLiBuw6NvISBOw6NvIHNlIGFwcm94aW1lIQ==,,W1NjaG1pZHRdClVnaC4uLiDCoW5vISDCoU5vIHRlIGFjZXJxdWVzIQ==
PvioDA,,W0hlaW5yaWNoXQpZb3VyIEhpZ2huZXNzLCBTY2htaWR0IQ==,,,,,W0hlaW5yaWNoXQpWb3NzYSBNYWplc3RhZGUgU2NobWlkdCE=,,W0hlaW5yaWNoXQrCoVN1IE1hamVzdGFkIFNjaG1pZHQh
P/ioDA,,W1NjaG1pZHRdCllvdSdyZSB0aGUgc2FtZSwgSGVpbnJpY2ghIERvbid0IGNvbWUgYW55IGNsb3NlciE=,,,,,W1NjaG1pZHRdClZvY8OqIHRhbWLDqW0sIEhlaW5yaWNoISBOw6NvIHNlIGFwcm94aW1lIQ==,,W1NjaG1pZHRdCsKhVMO6IHRhbWJpw6luLCBIZWlucmljaCEgwqFObyB0ZSBhY2VycXVlcyE=
QPioDA,,W1NjaG1pZHRdCldoYXTigJlzIGRvbmUgaXMgZG9uZSEgSWYgd2UgaGFkbuKAmXQgZ29uZSB0aGlzIGZhciwgd2UgbWlnaHQgaGF2ZSBtaXNzZWQgb3VyIGNoYW5jZSE=,,,,,W1NjaG1pZHRdClZhaSBhY29udGVjZXIgZGUgdW0gamVpdG8gb3UgZGUgb3V0cm8hIE7Do28gcG9kZW1vcyBlc3BlcmFyIG1haXMh,,W1NjaG1pZHRdCsKhVmEgYSBzdWNlZGVyIGRlIHVuYSBmb3JtYSB1IG90cmEhIMKhTm8gcG9kZW1vcyBlc3BlcmFyIG3DoXMh
QfioDA,,W1Zhcm11bnRdCllvdSBmb29saXNoIGRpc2NpcGxlLi4uIFdoeT8gV2h5IHdvdWxkIHlvdSBkbyB0aGlzLi4u,,,,,W1Zhcm11bnRdClZvY8OqIMOpIHVtIGRvcyBtZXVzIGFsdW5vcyBtYWlzIHRlaW1vc29zLi4uIFBvciBxdWUgdm9jw6ogw6kgYXNzaW0uLi4/,,W1Zhcm11bnRdCkVyZXMgdW5vIGRlIG1pcyBhbHVtbm9zIG3DoXMgdGVyY29zLi4uIMK/UG9yIHF1w6kgZXJlcyBhc8OtLi4uPw==
QvioDA,,W1NjaG1pZHRdCkhhLi4uIGhhaGEuLi4gTWFzdGVyLiBZb3UgYXJlIHdpc2UsIHNvIHlvdSBrbm93IHdlbGwsIGRvbid0IHlvdT8gV2hhdCB5b3UgbXVzdCBkbyBub3cu,,,,,W1NjaG1pZHRdCkhhLi4uaGFoYS4uLiBNZXN0cmUuIFZvY8OqIMOpIHPDoWJpbywgZW50w6NvIHNhYmUgbXVpdG8gYmVtIG8gcXVlIGZhemVyIGFnb3JhLg==,,W1NjaG1pZHRdCkphLi4uamFqYS4uLiBNYWVzdHJvLiBUw7ogZXJlcyBzYWJpbywgYXPDrSBxdWUgc2FiZXMgbXV5IGJpZW4gcXXDqSBoYWNlciBhaG9yYS4=
Q/ioDA,,W1NjaG1pZHRdClRoaXMgb3JiIHdpbGwgYmUgZGVzdHJveWVkIHNvb24uIElmIHlvdSBzdGF5IG5lYXJieSBhbmQgZ2V0IGNhdWdodCB1cCBpbiBpdCwgaXQgd2lsbCBiZSBhIG5lZWRsZXNzIHNhY3JpZmljZS4=,,,,,W1NjaG1pZHRdCkVzdGUgb3JiZSBzZXLDoSBkZXN0cnXDrWRvIGVtIGJyZXZlLiBTZSB2b2PDqiBmaWNhciBhbyBsYWRvIGRlbGUgZSBmb3IgcGVnbywgc2Vyw6EgdW0gc2Fjcmlmw61jaW8gaW7DunRpbC4=,,W1NjaG1pZHRdCkVzdGUgb3JiZSBzZXLDoSBkZXN0cnVpZG8gcHJvbnRvLiBTaSB0ZSBxdWVkYXMgYSBzdSBsYWRvIHkgdGUgYXRyYXBhLCBzZXLDoSB1biBzYWNyaWZpY2lvIGluw7p0aWwu
RPioDA,,W1NjaG1pZHRdCkh1cnJ5Li4uIGh1cnJ5IGFuZCB0YWtlIHlvdXIgc2VhdC4uLi4=,,,,,W1NjaG1pZHRdClZhbW9zLi4uIHNlIGFwcmVzc2UuLi4u,,W1NjaG1pZHRdClZhbW9zLi4uIGFww7pyYXRlLi4uLg==
RfioDA,,W1Zhcm11bnRdCkkgd2lsbCBjYXN0IGEgc3BlbGwgdG8gbnVtYiB5b3VyIHBhaW4gc28geW91IHdpbGwgbm90IHN1ZmZlci4gQXMgeW91ciBtYXN0ZXIsIHRoYXQgaXMgdGhlIGxhc3QgbWVyY3kgSSBjYW4gZ3JhbnQgeW91Lg==,,,,,W1Zhcm11bnRdClZvdSBsYW7Dp2FyIHVtIGZlaXRpw6dvIHBhcmEgcGFyYWxpc2FyIHN1YSBzZW5zYcOnw6NvIGRlIGRvciBwYXJhIHF1ZSB2b2PDqiBuw6NvIHNvZnJhLiBFc3NhIMOpIGEgw7psdGltYSBjb25zaWRlcmHDp8OjbyBxdWUgcG9zc28gbGhlIGRhciBjb21vIHNldSBwcm9mZXNzb3Iu,,W1Zhcm11bnRdCkxhbnphcsOpIHVuIGhlY2hpem8gcGFyYSBwYXJhbGl6YXIgdHUgc2Vuc2FjacOzbiBkZSBkb2xvciBwYXJhIHF1ZSBubyBzdWZyYXMuIEVzdGEgZXMgbGEgw7psdGltYSBjb25zaWRlcmFjacOzbiBxdWUgcHVlZG8gZGFydGUgY29tbyB0dSBtYWVzdHJvLg==
RvioDA,,W1NjaG1pZHRdCkhlaW5yaWNoISEgVGhpcyBpcyBteSBmaW5hbCBvcmRlciEgVGFrZSBWYXJtdW50IGFuZCBlc2NhcGUgdGhpcyBjYXN0bGUgYXQgb25jZSE=,,,,,W1NjaG1pZHRdCkhlaW5yaWNoISEgRXN0ZSDDqSBtZXUgw7psdGltbyBjb21hbmRvISBMZXZlIG8gTWVzdHJlIFZhcm11bnQgZSBmdWphIGRlc3RlIGNhc3RlbG8gaW1lZGlhdGFtZW50ZSEh,,W1NjaG1pZHRdCsKhwqFIZWlucmljaCEhIMKhRXN0YSBlcyBtaSDDumx0aW1hIG9yZGVuISDCoUxsZXZhIGFsIG1hZXN0cm8gVmFybXVudCB5IGh1eWUgZGUgZXN0ZSBjYXN0aWxsbyBpbm1lZGlhdGFtZW50ZSE=
R/ioDA,,W0hlaW5yaWNoXQpHb2QgSGVpbnJpY2guLi4=,,,,,W0hlaW5yaWNoXQpWb3NzYSBNYWplc3RhZGUuLi4=,,W0hlaW5yaWNoXQpTdSBNYWplc3RhZC4uLg==
SPioDA,,W0hlaW5yaWNoXQpJIGFjY2VwdCB5b3VyIGNvbW1hbmQu,,,,,W0hlaW5yaWNoXQpTZWd1aXJlaSBzdWFzIG9yZGVucy4=,,W0hlaW5yaWNoXQpTZWd1aXLDqSBzdXMgw7NyZGVuZXMu
SfioDA,,W1Zhcm11bnRdClNjaG1pZHQsIEkuLi4=,,,,,W1Zhcm11bnRdClNjaG1pZHQsIGV1Li4u,,W1Zhcm11bnRdClNjaG1pZHQsIHlvLi4u
SvioDA,,W1Zhcm11bnRdCkkgd2lsbCByZW1lbWJlciB5b3UgYXMgYSB3cmV0Y2hlZCBkaXNjaXBsZSB3aG8gbmV2ZXIgbGlzdGVuZWQgdG8gdGhlIG1hc3RlcidzIHdvcmRzIGZvciB5b3VyIGVudGlyZSBsaWZlLg==,,,,,W1Zhcm11bnRdClZvdSBtZSBsZW1icmFyIGRlIHZvY8OqIHBlbG8gcmVzdG8gZGEgdmlkYSBjb21vIHVtIHDDqXNzaW1vIGFsdW5vIHF1ZSBuw6NvIGRldSBvdXZpZG9zIGFvIHByb2Zlc3Nvci4=,,W1Zhcm11bnRdClRlIHJlY29yZGFyw6kgcG9yIGVsIHJlc3RvIGRlIG1pIHZpZGEgY29tbyB1biBww6lzaW1vIGFsdW1ubyBxdWUgbm8gZXNjdWNow7MgYSBzdSBtYWVzdHJvLg==
S/ioDA,,W1NjaG1pZHRdClRoYW5rIHlvdSBmb3IgcmVtZW1iZXJpbmcgbWUsIGV2ZW4gaWYgb25seSBsaWtlIHRoYXQuIFRoZW4gdGhpcyBpcyBmYXJld2VsbCwgTWFzdGVyIQ==,,,,,W1NjaG1pZHRdCk9icmlnYWRvIHBvciBzZSBsZW1icmFyIGRlIG1pbSBkZXNzYSBmb3JtYS4gRW50w6NvLCBhZGV1cywgTWVzdHJlIQ==,,W1NjaG1pZHRdCkdyYWNpYXMgcG9yIHJlY29yZGFybWUgZGUgZXNhIGZvcm1hLiBFbnRvbmNlcywgwqFhZGnDs3MsIE1hZXN0cm8h
TPioDA,,MTU=,,,,,MTU=,,MTU=
TfioDA,,T3Ji,,,,,T3JiZQ==,,T3JiZQ==
TvioDA,,R2FoLi4uIEdSQUFBQUFBSCEhISE=,,,,,QXJnaC4uLiBBYWFhYWEhISEh,,QXJnaC4uLiDCocKhwqFBYWFhYWEhISEh
T/ioDA,,WW91ciBNYWplc3R5ISBIb3cuLi4gaG93IGNvdWxkIHRoaXMgaGFwcGVuIQ==,,,,,Vm9zc2EgTWFqZXN0YWRlISBDb21vLi4uIENvbW8gaXNzbyBww7RkZSBhY29udGVjZXIh,,wqFTdSBNYWplc3RhZCEgwr9Dw7Ntby4uLiBjw7NtbyBwdWRvIHBhc2FyIGVzdG8/
UPioDA,,U2NobWlkdCwgeW91IGlkaW90IQ==,,,,,U2NobWlkdCwgc2V1IHRlaW1vc28h,,wqFTY2htaWR0LCB0ZXJjbyE=
UfioDA,,MTQ=,,,,,MTQ=,,MTQ=
UvioDA,,U2NobWlkdCBzaG91dHM6IFRvIGV2ZXJ5b25lIHN0aWxsIGluc2lkZSB0aGUgY2FzdGxlISBSdW4gYXQgb25jZSwgYnkgYW55IG1lYW5zIG5lY2Vzc2FyeSE=,,,,,U2NobWlkdDogVG9kb3MgcXVlIGVzdMOjbyBubyBjYXN0ZWxvISBGdWphbSBpbWVkaWF0YW1lbnRlISE=,,U2NobWlkdDogwqFUb2RvcyBsb3MgcXVlIGVzdMOhbiBlbiBlbCBjYXN0aWxsbyEgwqFIdXlhbiBpbm1lZGlhdGFtZW50ZSE=
U/ioDA,,U2NobWlkdCBzaG91dHM6IFRoaXMgaXMgYSByb3lhbCBjb21tYW5kIQ==,,,,,U2NobWlkdDogRXN0YSDDqSBhIG9yZGVtIGRvIHJlaSE=,,U2NobWlkdDogwqHCoUVzdGEgZXMgbGEgb3JkZW4gZGVsIHJleSE=
VPioDA,,U2NobWlkdCBZb3VyIEhpZ2huZXNzISBJIHdpbGwgZm9sbG93IHNvb24gYXMgd2VsbC4uLiBQbGVhc2UgZ28gb24sIFZhcm11bnQu,,,,,Vm9zc2EgTWFqZXN0YWRlIFNjaG1pZHQhIEVzdGFyZWkgY29tIHZvY8OqIGVtIGJyZXZlLi4uIFZhbW9zLCBWYXJtdW50Lg==,,wqFTdSBNYWplc3RhZCBTY2htaWR0ISBFc3RhcsOpIGNvbiB1c3RlZCBtdXkgcHJvbnRvLi4uIFZhbW9zLCBWYXJtdW50Lg==
VfioDA,,VGhlbiBzaGFsbCB3ZSBicmluZyB0aGlzIHRvIGFuIGVuZCE=,,,,,RW50w6NvIHZhbW9zIHNlbGFyIGlzc28gYWdvcmEhIQ==,,wqHCoUVudG9uY2VzIHNlbGxlbW9zIGVzdG8gYWhvcmEhIQ==
VvioDA,,QWgsIEkgYWxtb3N0IGZvcmdvdC4gSSBzaG91bGQgaGF2ZSB0b2xkIEhlaW5yaWNoIHRoYXQgSSdtIGVudHJ1c3RpbmcgaGltIHdpdGggdGhlIHJvbGUgb2YgdGhlIG5leHQgcmVnZW50Li4u,,,,,QWgsIGVzcXVlY2kuIEV1IGRldmVyaWEgdGVyIGRpdG8gYSBIZWlucmljaCBxdWUgZWxlIHNlcmlhIG8gcHLDs3hpbW8gcmVpLi4u,,QWgsIGxvIG9sdmlkw6kuIERlYmVyw61hIGhhYmVybGUgZGljaG8gYSBIZWlucmljaCBxdWUgw6lsIHNlcsOtYSBlbCBwcsOzeGltbyByZXkuLi4=
V/ioDA,,U2luY2UgaXQncyBIZWlucmljaCwgaGUnbGwgaGFuZGxlIGl0IGp1c3QgZmluZS4uLiBJIGNvdWxkIGdvIGZvciBhIGRyaW5rLg==,,,,,Q29uaGVjZW5kbyBIZWlucmljaCwgZWxlIGN1aWRhcsOhIGRpc3NvIHNvemluaG8uLi4gRXNwZXJvIHF1ZSBlbmNvbnRyZW1vcyBub3ZhbWVudGUgYWxndW0gZGlhLg==,,Q29ub2NpZW5kbyBhIEhlaW5yaWNoLCBzZSBlbmNhcmdhcsOhIGRlIGVsbG8gcG9yIHN1IGN1ZW50YS4uLiBFc3Blcm8gcXVlIGFsZ8O6biBkw61hIG5vcyB2b2x2YW1vcyBhIGVuY29udHJhci4=
WPioDA,,I3NtdHswfQ==,,,,,I3NtdHswfQ==,,I3NtdHswfQ==
WfioDA,,V2hvYS4uLiBJZiBJ4oCZZCBiZWVuIGV2ZW4gYSBzdGVwIGxhdGVyLCBJIG1pZ2h04oCZdmUgZ290dGVuIGNhdWdodCB1cCBpbiBpdC4=,,,,,VWF1LiBFdSB0ZXJpYSBzaWRvIHBlZ28gc2UgY2hlZ2Fzc2UgbWFpcyB0YXJkZS4=,,R3VhdS4gSGFicsOtYSBzaWRvIGF0cmFwYWRvIHNpIGxsZWdhYmEgbcOhcyB0YXJkZS4=
WvioDA,,W09zY2FyXQpJIG9ubHkgc3RydWNrIHRoZSBkaW1lbnNpb25hbCBiYXJyaWVyIHRvIHRha2UgYSBsb29rLCBidXQgdGhlIHdhdmUgd2FzIHNvIG1hc3NpdmUgSSBhbG1vc3QgZ290IHN3ZXB0IGF3YXku,,,,,W09zY2FyXQpFc3RhdmEgb2xoYW5kbyBhIGRpbWVuc8OjbywgbWFzIGEgb25kYSBlcmEgdMOjbyBncmFuZGUgcXVlIHF1YXNlIGZ1aSBzdWdhZG8ganVudG8u,,W09zY2FyXQpFc3RhYmEgb2JzZXJ2YW5kbyBsYSBkaW1lbnNpw7NuLCBwZXJvIGxhIG9uZGEgZXJhIHRhbiBncmFuZGUgcXVlIGNhc2kgZnVpIGFic29yYmlkbyB0YW1iacOpbi4=
W/ioDA,,W09zY2FyXQpGaXJzdCwgeW91IHNob3VsZCBmYWNlIHRoZSBjb25zZXF1ZW5jZXMgZm9yIHJlYWRpbmcgdGhlIHJlY29yZHMgdXAgdG8gdGhpcyBwb2ludC4=,,,,,W09zY2FyXQpFbSBwcmltZWlybyBsdWdhciwgdm9jw6ogZGV2ZSByZWNlYmVyIG8ga2FybWEgcG9yIHZpc3VhbGl6YXIgb3MgcmVnaXN0cm9zIGF0w6kgZXN0ZSBwb250by4=,,W09zY2FyXQpFbiBwcmltZXIgbHVnYXIsIGRlYmVzIHJlY2liaXIgZWwga2FybWEgcG9yIHZpc3VhbGl6YXIgbG9zIHJlZ2lzdHJvcyBoYXN0YSBlc3RlIHB1bnRvLg==
XPioDA,,XjAwMDBGRllvdSBnYWluZWQgYSB0aW55IGFtb3VudCBvZiBleHBlcmllbmNlXjAwMDAwMC4=,,,,,XjAwMDBGRlZvY8OqIGdhbmhvdSBFWFAuXjAwMDAwMA==,,XjAwMDBGRkdhbmFzdGUgRVhQLl4wMDAwMDA=
XfioDA,,W09zY2FyXQpJbiB0aGUgZW5kLCBIZWlucmljaCBjb3VsZCBub3Qga2VlcCBoaXMgd29yZCB0aGF0IGhlIHdvdWxkIHNvb24gZm9sbG93IFNjaG1pZHQu,,,,,W09zY2FyXQpObyBmaW0sIGEgcHJvbWVzc2EgZGUgSGVpbnJpY2ggZGUgcmVlbmNvbnRyYXItc2UgY29tIFNjaG1pZHQgbsOjbyBmb2kgY3VtcHJpZGEu,,W09zY2FyXQpBbCBmaW5hbCwgbGEgcHJvbWVzYSBkZSBIZWlucmljaCBkZSByZWVuY29udHJhcnNlIGNvbiBTY2htaWR0IG5vIHNlIGN1bXBsacOzLg==
XvioDA,,W09zY2FyXQpFdmVuIHJpZ2h0IGFmdGVyIEdsYXN0aGVpbSBmZWxsLCB0aGVyZSB3ZXJlIHN0aWxsIHNvIG1hbnkgbWF0dGVycyBoZSBoYWQgdG8gaGFuZGxlIGluIHBsYWNlIG9mIHRoZSBraW5nIHdobyBoYWQgZGllZCAob2ZmaWNpYWxseS4uLiku,,,,,W09zY2FyXQpIYXZpYSB0YW50YXMgY29pc2FzIHBhcmEgcmVzb2x2ZXIgZW0gbm9tZSBkbyBSZWkgKG9maWNpYWxtZW50ZS4uLikgZmFsZWNpZG8gYXDDs3MgYSBxdWVkYSBkZSBHbGFzdGhlaW0u,,W09zY2FyXQpIYWLDrWEgdGFudGFzIGNvc2FzIHF1ZSByZXNvbHZlciBlbiBub21icmUgZGVsIFJleSAob2ZpY2lhbG1lbnRlLi4uKSBmYWxsZWNpZG8gdHJhcyBsYSBjYcOtZGEgZGUgR2xhc3RoZWltLg==
X/ioDA,,W09zY2FyXQpXZWxsLCB3ZSBjYW4gdGFrZSBhIGNsb3NlciBsb29rIGF0IHRoYXQgbGF0ZXIuIEZvciBub3csIHNoYWxsIHdlIGdldCBvdXQgb2YgaGVyZSB0b28/IEl0IGxvb2tzIGxpa2UgdGhlIGRpbWVuc2lvbmFsIHdhbGwgaXMgZ29pbmcgdG8gY29sbGFwc2UsIHNvIHdlIHNob3VsZCBtb3ZlIHF1aWNrbHku,,,,,W09zY2FyXQpCZW0sIHZlcmVtb3MgaXNzbyBtYWlzIHRhcmRlLiBWYW1vcyBzYWlyIGRhcXVpIHBvciBlbnF1YW50by4gUGFyZWNlIHF1ZSBlc3RhIGRpbWVuc8OjbyBlc3TDoSBwcmVzdGVzIGEgZGVzYWJhci4=,,W09zY2FyXQpCdWVubywgbG8gdmVyZW1vcyBtw6FzIHRhcmRlLiBWw6Ftb25vcyBkZSBhcXXDrSBwb3IgYWhvcmEuIFBhcmVjZSBxdWUgZXN0YSBkaW1lbnNpw7NuIGVzdMOhIGEgcHVudG8gZGUgY29sYXBzYXIu
YPioDA,,V2l0aCB0aGUgZGltZW5zaW9uYWwgYmFycmllciBnb25lLCB5b3UgY291bGQgYWN0dWFsbHkgZ2V0IGh1cnQgb3IgZXZlbiBkaWUuIEJlIGNhcmVmdWwu,,,,,QSBmcm9udGVpcmEgZGltZW5zaW9uYWwgZGVzYXBhcmVjZXUsIGVudMOjbyB2b2PDqiBwb2RlIHNlIG1hY2h1Y2FyIG91IG1vcnJlci4gVGVuaGEgY3VpZGFkby4=,,TGEgZnJvbnRlcmEgZGltZW5zaW9uYWwgZGVzYXBhcmVjacOzLCBhc8OtIHF1ZSBwdWVkZXMgbGFzdGltYXJ0ZSBvIG1vcmlyLiBUZW4gY3VpZGFkby4=
