wF13AQ,W+uzkeywuOyLpF0=,,,,,,,,,,,,,
wV13AQ,W+uPhOyEnOyLpF0=,,,,,,,,,,,,,
wl13AQ,W+yLneuLuV0=,,,,,,,,,,,,,
w113AQ,W+ydmOustOyLpF0=,,,,,,,,,,,,,
xF13AQ,W+uMgCDqsJXsnZjsi6Rd,,,,,,,,,,,,,
xV13AQ,7Iqk7ZSE65287YKk,,,,,,,,,,,,,
xl13AQ,POuqqO2XmOqwgCDri7Tri7nqtIA+,,,,,,,,,,,,,
x113AQ,7IaM7KeA7ZWY6rOgIOqzhOyLnOuKlCDslYTsnbTthZzsnZgg6rCv7IiY6rCAIOunjuyVhCDtgJjsiqTtirjrpbwg7KeE7ZaJIO2VoCDsiJgg7JeG7Iq164uI64ukLgrslYTsnbTthZzsnYQg7KCV66as7ZWcIOuSpCDri6Tsi5wg7Iuc64+E7ZW0IOyjvOyLnOq4sCDrsJTrno3ri4jri6Qu,,,,,,,,,,,,,
yF13AQ,W+yKpO2UhOudvO2CpF0K7Ja066i4LCDslrTshJzsmKTshLjsmpQuCuyDiOuhnCDrqqjtl5jqsIDqsIAg7ZWcIOuqhSDsmKjri6TrjZTri4gg6re46rKMIOuLueyLoOydtOq1sOyalD8=,,,,,,,,,,,,,
yV13AQ,W+yKpO2UhOudvO2CpF0K7J206rOz7J2AIOyYiOyghOyXkCDripjslrTrgpwg66qo7ZeY6rCA65Ok7J2EIOyngOybkO2VmOq4sCDsnITtlbQg66eM65Ok7Ja07KeEIOujrC3rr7jrk5zqsIDsuKAg7JmV66a9IO2BrOumrO2IrOudvCDtlZnsm5DsnoXri4jri6Trp4wK7LWc6re87JeQ64qUIOyigCDrjZQg67O46rKp7KCB7Jy866GcIOuqqO2XmOqwgOuTpOydhCDrjIDtlZjquLAg7JyE7ZW0IOuCmeybkOuLqOyXkOyEnCDrp6HslYQg7Jq07JiB7ZWY6rOgIOyeiOuLteuLiOuLpC4=,,,,,,,,,,,,,
yl13AQ,W+yKpO2UhOudvO2CpF0K66qo7ZeY6rCA65Ok7J2EIOyWkeyEse2VmOuptCDqsrDqta0g7JmV6rWt6rO8IOuCmOyVhOqwgCDsnbQg66+465Oc6rCA66W065OcIOuMgOulmeyXkCDtgbAg64+E7JuA7J20IOuQmOuLiOq5jOyalC4=,,,,,,,,,,,,,
y113AQ,W+yKpO2UhOudvO2CpF0K7JWE7KeB7J2AIOuqqOultOuKlOqyjCDrp47snLzsi6TqsbDsl5DsmpQuCuyasOyEoCDrqqjtl5jqsIDroZwg65Ox66Gd7J2EIO2VtCDrs7zquYzsmpQ/,,,,,,,,,,,,,
zF13AQ,W+yKpO2UhOudvO2CpF0K7J2066aE7J204oCmIHswfeKApgrsmIjsgZzsnbTrpoTsnbTrhKTsmpQuCuydtOqxuOuhnCDrqqjtl5jqsIAg65Ox66Gd7J2AIOuBneuCrOyWtOyalCE=,,,,,,,,,,,,,
zV13AQ,W+yKpO2UhOudvO2CpF0K7KCE7Yis7JeQIOycoOyaqe2VnCDsnqXruYTripQg7KCE7YisIOq1kOq0gCA8TkFWST5b67iM66CI7J2065OcXTxJTkZPPnR1X2FjMDFfYiw2NCw3NCwwLDAwMCwwPC9JTkZPPjwvTkFWST7qsIAg7KeA6riJ7ZW0IOykhOqxsOyXkOyalC4K7ZWc67KIIOq3uOulvCDrp4zrgpjrs7Tsi5zqsqDslrTsmpQ/,,,,,,,,,,,,,
zl13AQ,XkZGMDAwMCEtIOyViOuCtCAtIV4wMDAwMDAK7Iqk7ZSE65287YKk66Gc67aA7YSwIO2AmOyKpO2KuOulvCDrsJvslZjsirXri4jri6QuCu2AmOyKpO2KuOydmCDrgrTsmqnsnYAg7YCY7Iqk7Yq4IOygleuztOywveyXkOyEnCDtmZXsnbgg7ZWgIOyImCDsnojsirXri4jri6Qu,,,,,,,,,,,,,
z113AQ,XkZGMDAwMCEtIOyViOuCtCAtIV4wMDAwMDAK7YCY7Iqk7Yq4IOygleuztOywveydgCDsmbzsqr0g7IOB64uo7J2YIOq4sOuzuCDsoJXrs7TssL3sl5DshJwg7YCY7Iqk7Yq466qp66Gd7J2EIO2BtOumre2VmOqxsOuCmCwKXjRENERGRlFeMDAwMDAwIO2CpOuhnCDsl7TslrQg67O8IOyImCDsnojsirXri4jri6Qu,,,,,,,,,,,,,
0F13AQ,W+yKpO2UhOudvO2CpF0K6riw67O47KCB7J24IOuqqO2XmCDsiJjsl4XsnYQg66eI7LmY6rOgIOuPjOyVhOyYpOyLnOuptCDri7nsi6Dsl5Dqsowg66ee64qUIOydmOuisOulvCDrk5zrprTqsozsmpQuCuq3uOufvCDrgpjspJHsl5Ag67SQ7JqULg==,,,,,,,,,,,,,
0V13AQ,XkU1QzgxRVvsiqTtlITrnbztgqRdXkZGRkZGRg==,,,,,,,,,,,,,
0l13AQ,7KCE7KeB64+EIOygnOuMgOuhnCDsnpgg7ZWY7IWo6rOgLCDquLDrs7jsoIHsnbgg7IaM7JaR7J2AIOuqqOuRkCDqsJbstpTshajqtbDsmpQh,,,,,,,,,,,,,
0113AQ,7J207KCcIOqwkyDrqqjtl5jsnYQg7Iuc7J6R7ZWcIHswfeuLmOq7mCDrj4Tsm4DsnbQg65CY64+E66GdIO2KueuzhO2eiCDsl4TshKDtlZwg7J2Y66Kw6rCAIOyeiOuKlOuNsArrsJvslYQg67O07Iuc6rKg7Ja07JqUPw==,,,,,,,,,,,,,
1F13AQ,XkY3RTE2Me2OmOydtOyamF5GRkZGRkbsl5DshJwg7ZaJ67Cp67aI66qF65CcIOyCrOuejOqzvCDsnoPslrTrsoTrprAg66y86rG07J2EIOywvuyVhOuLrOudvOqzoCDsmpTssq3tlbQg7KO87IWo7Ja07JqULgrslrTrlqQg7IKs656M6rO8IOusvOqxtOyduOyngOuKlCDsp4HsoJEg7Jik66m0IOyEpOuqhe2VtCDso7zqsqDri6Tqs6Ag642n67aZ7JesIOyjvOyFqOqzoOyalC4=,,,,,,,,,,,,,
1V13AQ,7Yq57Z6IIO2OmOydtOyamOydmCDslYTsnbTrprAg64yA7J6l66Gc7JeQ6rKM64qUIOu5hOuwgOydtOudvOqzoCDrp5DslIDtlZjshajripTrjbAK66y07Ja46rCAIOyCrOygleydtCDsnojrgpjrs7TrhKTsmpQ/,,,,,,,,,,,,,
1l13AQ,7J6Q7IS47ZWcIOydtOyVvOq4sOuKlCDtjpjsnbTsmpjsl5Ag7J6I64qUIOydmOuisOyduOyXkOqyjCDrk6TslrTrs7Trj4TroZ0g7ZWY7IS47JqULgrri7nsi6DsnZgg7LKr67KI7Ke4ICfsoJXsi50nIOydmOuisOuejeuLiOuLpC4=,,,,,,,,,,,,,
1113AQ,66qo7ZeY7J2EIOyLnOyeke2VmOq4sCDsoITsl5Ag6rCA67ON6rKMIOuquOuPhCDtkoDqs6Ag7IOI66Gc7Jq0IOyduOyXsOydhCDrp4zrk6Dri6TripQg7IOd6rCB7Jy866GcCuydmOuisOyduCA8TkFWST5b7JWE7J2066as7IqkIOyVhOydtOumsF08SU5GTz5wYXlvbiwxNzMsMTcxLDAsMTAxLDA8L0lORk8+PC9OQVZJPuydhCDrp4zrgpjrs7TshLjsmpQu,,,,,,,,,,,,,
2F13AQ,7JuQ7ZWY7Iug64uk66m0IOyngOq4iCDtjpjsnbTsmpjsnLzroZwg67O064K065Oc66as64+E66GdIO2VmOqyoOyKteuLiOuLpC4K67CU66GcIOydtOuPmSDtlZjsi5zqsqDslrTsmpQ/,,,,,,,,,,,,,
2V13AQ,4pa2IO2OmOydtOyamOycvOuhnCDrs7TrgrTso7zshLjsmpQ=,,,,,,,,,,,,,
2l13AQ,4pa2IOyhsOq4iOunjCDquLDri6TroKTso7zshLjsmpQu,,,,,,,,,,,,,
2113AQ,7ZWZ7JuQIOyhuOyXhSDshKDrrLzroZwg7YGs66as7Yis6528IO2VmeybkCDrqqjsnpDrpbwg65Oc66a06rKM7JqULgrslZ7snLzroZzsnZgg7Jes7KCV7JeQIOustOyatOydhCDruYzslrTsmpQh,,,,,,,,,,,,,
3F13AQ,7JWE7KeBIOydtOqzs+yXkOyEnCDtlaAg7J287J20IOuCqOycvOyFqOuCmOyalD8K7Ja47KCc65OgIOykgOu5hOqwgOuQmOuptCDsoIDrgpgg7Lm07ZSE65287JeQ6rKMIOunkOydhCDqsbjslrTso7zshLjsmpQuCuydmOuisCDsnqXshozsnbgg7Y6Y7J207JqY7Jy866GcIOuztOuCtOuTnOumrOqyoOyKteuLiOuLpC4=,,,,,,,,,,,,,
3V13AQ,7J207KCcIOykgOu5hOqwgCDri6Qg64Gd64KY7IWo64KY7JqUPw==,,,,,,,,,,,,,
3l13AQ,6re466CH64uk66m0IO2OmOydtOyamOycvOuhnCDrs7TrgrTrk5zrpqzrj4TroZ0g7ZWY6rKg7Iq164uI64ukLgrtlZnsm5Ag7KG47JeFIOyEoOusvOuhnCDtgazrpqztiKzrnbwg7ZWZ7JuQIOuqqOyekOulvCDrk5zrprTqsozsmpQuCuyVnuycvOuhnOydmCDsl6zsoJXsl5Ag66y07Jq07J2EIOu5jOyWtOyalCE=,,,,,,,,,,,,,
3113AQ,W+yKpO2UhOudvO2CpF0KXjRENERGRuuCmeybkOuLqF4wMDAwMDDsl5DshJwg7Jq07JiB7ZWY64qUICjqtawpIOyZleumvSDtgazrpqztiKzrnbwg7ZWZ7JuQ7J2066m07IScCijtmIQpIOuCmeybkOuLqCDrqqjtl5jqsIAg6ri465OcIOyCrOustOyGjOyeheuLiOuLpC4=,,,,,,,,,,,,,
4F13AQ,W+yKpO2UhOudvO2CpF0K6riw67O47KCB7J24IOydtOuPmeqzvCDrjIDtmZTtlZjripQg67KV7J2AIOydte2eiOyFqOuEpOyalC4K66qo7ZeY7J2EIOyLnOyeke2VmOugpOuptCA8TkFWST5b67iM66CI7J2065OcXTxJTkZPPnR1X2FjMDFfYiw2NCw3NCwwLDAwMCwwPC9JTkZPPjwvTkFWST7qsIAg64+E7JuA7J2EIOykhCDqsoHri4jri6Qu,,,,,,,,,,,,,
4V13AQ,W+yKpO2UhOudvO2CpF0K7J6l67mE64KYIOyVhOydtO2FnOydmCDshKTrqoXsnYA8TkFWST5b67iM66CI7J2065OcXTxJTkZPPnR1X2FjMDFfYiw2NCw3NCwwLDAwMCwwPC9JTkZPPjwvTkFWST7qsIAg6rCA66W07LOQIOykhCDqsoHri4jri6Qu,,,,,,,,,,,,,
4l13AQ,W+yKpO2UhOudvO2CpF0KPE5BVkk+W+u4jOugiOydtOuTnF08SU5GTz50dV9hYzAxX2IsNjQsNzQsMCwwMDAsMDwvSU5GTz48L05BVkk+7JeQ6rKMIOy0iOuztOyekOyaqSDsnqXruYTrpbwg7KeA6riJ67Cb7Jy87IWo6rWw7JqULgrstIjrs7TsnpDsmqkg7J6l67mE64qUIOyXrO2WieyXkCDtgbAg64+E7JuA7J20IOuQmOyjoC4g6rytIOywqeyaqe2VtOuztOyEuOyalC4=,,,,,,,,,,,,,
4113AQ,W+yKpO2UhOudvO2CpF0K66qo7ZeY7J2EIOuCmOqwiCDrlYzsl5DripQg7J6l67mELCDslYTsnbTthZzrj4Qg7KSR7JqU7ZWY7KeA66eMIOyKpO2CrOuPhCDspJHsmpTtlanri4jri6QuCu2BrOumrO2IrOudvCDtlZnsm5DsnZgg7LmY66OM7IKs67aE6ruY7IScIF40RDRERkZb7J2R6riJ7LmY66OMXV4wMDAwMDDsl5Ag64yA7ZW07IScIOqwgOultOyzkOykgOuLpOqzoCDtlZjrjZjrjbAsCuychOq4ie2VoCDrlYwg7IKs7Jqp7ZWY66m0IOyii+ydgCDsiqTtgqzsnbTri4gg6rytIDxOQVZJPlvsuZjro4zsgqxdPElORk8+dHVfYWMwMV9iLDYwLDQzLDAwMCwwPC9JTkZPPjwvTkFWST7smYAg7J207JW86riwIO2VtCDrs7TshLjsmpQu,,,,,,,,,,,,,
5F13AQ,W+yKpO2UhOudvO2CpF0K7Iqk7YKsIF40RDRERkZb7J2R6riJ7LmY66OMXV4wMDAwMDDrpbwg7ZuM66Wt7Z6IIOuwsOyasOyFqOuEpOyalC4KPE5BVkk+W+u4jOugiOydtOuTnF08SU5GTz50dV9hYzAxX2IsNjQsNzQsMCwwMDAsMDwvSU5GTz48L05BVkk+7JeQ6rKMIOqwgOyEnCDshLHqs7zrpbwg67O07Jes7KO866m0IOuLpOuluCDsiJjsl4XsnYQg7JWI64K07ZW0IOykhCDqsbDsl5DsmpQu,,,,,,,,,,,,,
5V13AQ,W+yKpO2UhOudvO2CpF0K7J207KCcIOyLpOyghCDsiJjsl4XsnYQg7ZWY65+sIDxOQVZJPlvsmrDrpbRdPElORk8+dHVfZmlsZF9iLDMyMCwyMzAsMCwxMDEsMDwvSU5GTz48L05BVkk+IOq1kOq0gOydhCDrp4zrgpjrn6wg6rCA7Iuc64qU6rWw7JqULgrsnbTspojro6jrk5wg7KO867OAIO2VhOuTnOydmCDrqqzsiqTthLDrk6TsnYAg7YGs6rKMIOychO2XmO2VmOyngCDslYrsp4Drp4wsCuq3uOuemOuPhCDsi6TsoITsnbQg7LKY7J2M7J207Iuc652866m0IOu2gOuUlCDrqrgg7KGw7Ius7ZWY7IS47JqULg==,,,,,,,,,,,,,
5l13AQ,W+yKpO2UhOudvO2CpF0K7ZKL64K06riwIO2PrOungeydgCDsgqzrg6XtlaAg66eM7ZWY7Iug6rCA7JqUPwrtkovrgrTquLAg7Y+s66eB7J2AIOyImOyGjeyEsSwg7Iud66y87ZiVLCDshoztmJXsnZgg66qs7Iqk7YSw7JeQ7JqULgrsho3shLHqs7wg7KKF7KGxLCDtgazquLDripQg66qo7ZeY6rCA64uY6ruYIOykkeyalO2VnCDsoJXrs7Trno3ri4jri6Qu,,,,,,,,,,,,,
5113AQ,W+yKpO2UhOudvO2CpF0K66qo7ZeY7J2YIOq4sOuzuCDsiJjsl4XsnYAg66qo65GQIOuniOy5mOyFqOuEpOyalCEK6rOg7IOdIOunjuycvOyFqOyKteuLiOuLpC4=,,,,,,,,,,,,,
6F13AQ,W+yKpO2UhOudvO2CpF0K6rKM64uk6rCAIOyngeyXhSDroIjrsqjsnYQgMTDquYzsp4Ag7Jis66as7IWo64Sk7JqUIQrsnbTsoJwg7KCE7KeBIOqzvOygleydhCDsp4TtlontlZjsi6Qg7IiYIOyeiOyKteuLiOuLpC4KMuy4teyXkOyEnCDqsIEg7KeB7JeF7J2YIOyghOyngeydhCDrj4TsmYDrk5zrpqzqs6Ag7J6I7Ja07JqULg==,,,,,,,,,,,,,
6V13AQ,W+yKpO2UhOudvO2CpF0K7J207KCcIOuCqOydgOqxtCDsoITsp4Eg67+Q7J206rWw7JqULgrsp4Hsl4Ug66CI67Ko7J2EIDEw6rmM7KeAIOyYrOumrOuptCDsoITsp4HsnYQg7ZWgIOyImCDsnojsnLzri4gg7KGw6riI66eMIOuNlCDtnpjrgrTshLjsmpQu,,,,,,,,,,,,,
6l13AQ,W+yKpO2UhOudvO2CpF0K7KO867OAIO2VhOuTnOydmCDrqqzsiqTthLDrpbwg7J6h6rGw64KYLCAy7Li17J2YIOyghOyngSDqtZDqtIDrtoTrk6TsnbQg7YCY7Iqk7Yq466W8IOygnOqzte2VtOyjvOq4sOuPhCDtlZjri4gK66eO7J2AIOu2hOuTpOqzvCDrjIDtmZTrpbwg64KY64ig67O07Iuc64qU6rG4IOy2lOyynOuTnOugpOyalC4=,,,,,,,,,,,,,
6113AQ,MeywqCDsoITsp4Hsl5Ag64yA7ZW07IScIOyViOuCtO2VtCDrk5zrprTquYzsmpQ/,,,,,,,,,,,,,
7F13AQ,7KCE7KeB7J2EIO2VmOqzoCDsi7bslrTsmpQu,,,,,,,,,,,,,
7V13AQ,7J207KCcIO2VmeybkOydtCDslYTri4zqsIDsmpQ/,,,,,,,,,,,,,
7l13AQ,7KCE7KeB7J2EIO2VmOqzoCDsi7bsp4Ag7JWK7JWE7JqULg==,,,,,,,,,,,,,
7113AQ,W+yKpO2UhOudvO2CpF0K7JWE7Lm0642w66+4IDLsuLXsl5DshJwg6rCBIOyngeyXhSDquLjrk5zsl5DshJwg7YyM6rKs64KY7JioIOyngeyXhSDqsJXsgqzrtoTrk6TsnYQg7Ya17ZW0IOyghOyngeydtCDqsIDriqXtlanri4jri6Qu,,,,,,,,,,,,,
8F13AQ,W+yKpO2UhOudvO2CpF0K7Ja065akIOyngeyXheycvOuhnCDsoITsp4HtlZjquLgg7JuQ7ZWY7Iuc64KY7JqUPw==,,,,,,,,,,,,,
8V13AQ,6rKA7IKs,,,,,,,,,,,,,
8l13AQ,67O17IKs,,,,,,,,,,,,,
8113AQ,7IOB7J24,,,,,,,,,,,,,
9F13AQ,64+E65GR,,,,,,,,,,,,,
9V13AQ,6raB7IiY,,,,,,,,,,,,,
9l13AQ,66eI7Iig7IKs,,,,,,,,,,,,,
9113AQ,W+yKpO2UhOudvO2CpF0K6rKA7IKs6rCAIOuQmOqzoCDsi7bsnLzsi5zqtbDsmpQuCl40RDRERkbqsoDsgqzquLjrk5xeMDAwMDAw64qUIF40RDRERkbsnbTspojro6jrk5xeMDAwMDAw7JeQIOyeiOuLteuLiOuLpC4K7KCE7KeB7J2EIOybkO2VmOyLnOuptCAy7Li17J2YIOq1kOq0gOyXkOqyjCDslYjrgrTrpbwg7ZW065Oc66as6rKg7Iq164uI64ukLgrqsoDsgqwg64u064u5IDxOQVZJPlvqsoDsgqwg6rWQ6rSAXTxJTkZPPnR1X2FjMDJfYSw2Miw1MTwvSU5GTz48L05BVkk+,,,,,,,,,,,,,
+F13AQ,W+yKpO2UhOudvO2CpF0K67O17IKs6rCAIOuQmOqzoCDsi7bsnLzsi5zqtbDsmpQuCl40RDRERkbrjIDshLHri7leMDAwMDAw7J2AIF40RDRERkbtlITroaDthYzrnbxeMDAwMDAw7JeQIOyeiOuLteuLiOuLpC4K7KCE7KeB7J2EIOybkO2VmOyLnOuptCAy7Li17J2YIOq1kOq0gOyXkOqyjCDslYjrgrTrpbwg7ZW065Oc66as6rKg7Iq164uI64ukLgrrs7Xsgqwg64u064u5IDxOQVZJPlvsl5jrpqzsiqRdPElORk8+dHVfYWMwMl9hLDE1NiwxNjk8L0lORk8+PC9OQVZJPg==,,,,,,,,,,,,,
+V13AQ,W+yKpO2UhOudvO2CpF0K7IOB7J247J20IOuQmOqzoCDsi7bsnLzsi5zqtbDsmpQuCl40RDRERkbsg4HsnbjquLjrk5xeMDAwMDAw64qUIF40RDRERkbslYzrsqDrpbTtg4BeMDAwMDAw7JeQIOyeiOuLteuLiOuLpC4K7KCE7KeB7J2EIOybkO2VmOyLnOuptCAy7Li17J2YIOq1kOq0gOyXkOqyjCDslYjrgrTrpbwg7ZW065Oc66as6rKg7Iq164uI64ukLgrsg4Hsnbgg64u064u5IDxOQVZJPlvsgrTrprxdPElORk8+dHVfYWMwMl9hLDUwLDE2OTwvSU5GTz48L05BVkk+,,,,,,,,,,,,,
+l13AQ,W+yKpO2UhOudvO2CpF0K64+E65GR7J20IOuQmOqzoCDsi7bsnLzsi5zqtbDsmpQuCl40RDRERkbrj4TrkZHquLjrk5xeMDAwMDAw64qUIF40RDRERkbrqqjroZztgaxeMDAwMDAw7JeQIOyeiOuLteuLiOuLpC4K7KCE7KeB7J2EIOybkO2VmOyLnOuptCAy7Li17J2YIOq1kOq0gOyXkOqyjCDslYjrgrTrpbwg7ZW065Oc66as6rKg7Iq164uI64ukLgrrj4TrkZEg64u064u5IDxOQVZJPlvrqZTsnbTshYBdPElORk8+dHVfYWMwMl9hLDUyLDEzNjwvSU5GTz48L05BVkk+,,,,,,,,,,,,,
+113AQ,W+yKpO2UhOudvO2CpF0K6raB7IiY6rCAIOuQmOqzoCDsi7bsnLzsi5zqtbDsmpQuCl40RDRERkbqtoHsiJjquLjrk5xeMDAwMDAw64qUIF40RDRERkbtjpjsnbTsmpheMDAwMDAw7JeQIOyeiOuLteuLiOuLpC4K7KCE7KeB7J2EIOybkO2VmOyLnOuptCAy7Li17J2YIOq1kOq0gOyXkOqyjCDslYjrgrTrpbwg7ZW065Oc66as6rKg7Iq164uI64ukLgrqtoHsiJgg64u064u5IDxOQVZJPlvqtoHsiJgg7ISg7IOd64uYXTxJTkZPPnR1X2FjMDJfYSw2NSwxMDk8L0lORk8+PC9OQVZJPg==,,,,,,,,,,,,,
/F13AQ,W+yKpO2UhOudvO2CpF0K66eI7Iig7IKs6rCAIOuQmOqzoCDsi7bsnLzsi5zqtbDsmpQuCl40RDRERkbrp4jsiKDsgqzquLjrk5xeMDAwMDAw64qUIF40RDRERkbqsoztjpxeMDAwMDAw7JeQIOyeiOuLteuLiOuLpC4K7KCE7KeB7J2EIOybkO2VmOyLnOuptCAy7Li17J2YIOq1kOq0gOyXkOqyjCDslYjrgrTrpbwg7ZW065Oc66as6rKg7Iq164uI64ukLgrrp4jsiKDsgqwg64u064u5IDxOQVZJPlvssLDsiqRdPElORk8+dHVfYWMwMl9hLDE0OCwxMTA8L0lORk8+PC9OQVZJPg==,,,,,,,,,,,,,
/V13AQ,W+yKpO2UhOudvO2CpF0K7JWE7KeBIOyghOyngSDsobDqsbTsnYQg6rCW7LaU7Iuc7KeAIOuqu+2VmOyFqOuEpOyalC4K7ZWZ7JuQ7JeQ7IScIOuLpOuluCDsiJjsl4XsnYQg65Oj64uk67O066m0IOyekOyXsOyKpOufveqyjCDsoITsp4HtlaAg7IiYIOyeiOuKlCDroIjrsqjsnbQg65Cg6rGw7JeQ7JqULg==,,,,,,,,,,,,,
/l13AQ,W+yKpO2UhOudvO2CpF0K7JWE64uI66m0IOyjvOuzgCDtlYTrk5zsl5DshJwg66qs7Iqk7YSw66W8IOyeoeyVhArroIjrsqjsnYQg7Jis66Ck67O07Iuc64qU6rG0IOyWtOuWqOq5jOyalD8=,,,,,,,,,,,,,
/113AQ,W+yKpO2UhOudvO2CpF0K7KCE7KeB7JeQIOuMgO2VnCDslYjrgrTripQg64W467mE7IqkIOu2hOuTpOyXkOqyjOunjCDtlbTrk5zrpqzqs6Ag7J6I64u164uI64ukLgrsnbTrr7gg7KeB7JeF7J2EIOqwgOyngOqzoCDqs4Tsi5zqs6AsIO2VnOywqOuhgCDsoITsp4HsnYQg6rKq7Ja067O07IugIOu2hOuTpOyXkOqykCDtlYTsmpTqsIAg7JeG7KOgLg==,,,,,,,,,,,,,
AF53AQ,W+yKpO2UhOudvO2CpF0K7Jq07JiB66eMIOuCmeybkOuLqOyXkOyEnCDrj4Trp6HslYTshJwg7ZWY6rOgIOyeiOydhCDrv5AsIOyXrOyghO2eiCDtgazrpqztiKzrnbwg7ZWZ7JuQ7J20IOunnuyKteuLiOuLpC4K64uk66eMLCDrqqjtl5jqsIAg6ri465Oc7J2YIOyXre2VoOuPhCDqsrjtlZjqsowg65Cc6rGw7KOgLg==,,,,,,,,,,,,,
AV53AQ,W+yKpO2UhOudvO2CpF0K7Jes65+s67aE65Ok7J20IOupi+yngOqyjCDshLHsnqXtlbTslbwsIOuCmeybkOuLqOydmCDsnZjrorDrk6TsnYQg7ZW07KO87IukIOqygyDslYTri4zqsIDsmpQ/Cuq3uOufsCDsnZjrr7jsl5DshJwg7Yis7J6Q7ZWY6rOgIOyeiOuLteuLiOuLpC4K7JWe7Jy866GcIOyemCDrtoDtg4Hrk5zroKTsmpQu,,,,,,,,,,,,,
Al53AQ,W+yKpO2UhOudvO2CpF0K66qo7ZeY6rCA64uY7J2AIOyghOyngSDsobDqsbTsnYQg66qo65GQIOy2qeyhse2VmOyFqOyKteuLiOuLpC4K7KCE7KeB7J2EIO2VmOyngCDslYrsnYQg6rK97JqwIOunjuydtCDtnpjrk6Ag66qo7ZeY7J20IOuQoCDqsbDsl5DsmpQu,,,,,,,,,,,,,
A153AQ,7KCE7KeB7J2EIO2VmOufrOqwhOuLpC4=,,,,,,,,,,,,,
BF53AQ,7KCE7KeB7J2EIO2VmOyngCDslYrripTri6Qu,,,,,,,,,,,,,
BV53AQ,W+yKpO2UhOudvO2CpF0K6rCBIOyngeyXheuzhCDsoITsp4Eg64u064u56rSA7J2AIDLsuLXsl5Ag7J6I7Iq164uI64ukLgrsoITsp4HsnYTtlZjquLAg7KCE7JeQIOuLpOyWke2VnCDsoJXrs7Trpbwg7Ja77J2EIOyImCDsnojsnLzri4gK66eI7J2M7JeQIOuTnOuKlCDsp4Hsl4XsnYQg7LC+7Jy87IWo7Jy866m0IOyii+qyoOuEpOyalC4=,,,,,,,,,,,,,
Bl53AQ,W+yKpO2UhOudvO2CpF0K7J2MLi4uIOyVjOqyoOyKteuLiOuLpC4K7KeB7JeF7J2EIOyEoO2Dne2VmOuKlCDqsoPquYzsp4Ag64+E7JmA65Oc66as64qUIOqyjCDsoIDtnawg7YGs66as7Yis6528IO2VmeybkOydmCDsl4XrrLTsp4Drp4wK66qo7ZeY6rCA64uY7J2YIOydmOyngOqwgCDqt7jroIfri6TrqbQg7KCA7Z2s64qUIOunkOumtCDsiJgg7JeG7KOgLg==,,,,,,,,,,,,,
B153AQ,W+yKpO2UhOudvO2CpF0K64uk66eMIOyVnuycvOuhnOydmCDsl6zsoJXsnbQg66eO7J20IO2XmOuCnO2VoCDqsbDsl5DsmpQuCuy1nOyGjO2VnCDrqqjtl5jsnYQg7JWI7KCE7ZWY6rKMIOynhO2Wie2VoCDsiJgg7J6I64+E66GdClvso73snYAg7LKZIO2VmOq4sF3rpbwg7KeA6riJ7ZW0IOuTnOumtOqyjOyalC4K7JyE6riJIOyDge2ZqeyXkCDsgqzsmqntlZjrqbQg64+E7JuA7J20IOuQoCDqsbDsl5DsmpQu,,,,,,,,,,,,,
CF53AQ,W+yKpO2UhOudvO2CpF0K6re466as6rOgIOyyqyDsnZjrorDripQg7KCA7Z2s6rCAIOyngOq4ie2VtCDrk5zrpqzqsqDsirXri4jri6QuCuykgOu5hOqwgCDrkJjshajri6TrqbQg7KCA7JeQ6rKMIOuLpOyLnCDrp5DsnYQg6rG47Ja07KO87IS47JqULg==,,,,,,,,,,,,,
CV53AQ,W+yKpO2UhOudvO2CpF0K7KCE7KeB7JeQIOuMgO2VnCDqs6Drr7zsnYAgXjAwMDBGRuyeoSDroIjrsqggMTBeMDAwMDAw7J2EIOywjeqzoCDrgpjshJwg7ZW064+EIOuKpuyngCDslYrslYTsmpQuCuyasOyEoCDtlZnsm5DsnZgg7KCV6recIOyImOyXheydhCDrk6Pqs6AK66qo7ZeY7JeQIOydteyIme2VtOyngOuKlOqyjCDsoovslYTsmpQu,,,,,,,,,,,,,
Cl53AQ,W+yKpO2UhOudvO2CpF0K7ZWY7KeA66eMIOydtOuvuCDsoITsp4HsnYQg7ZWY7IWo64qU6rG47JqUPwrtlZzrsojsnbTrnbzrj4Qg7KCE7KeB7ZWcIOydtOyDgQrsnbTsoITsnLzroZzripQg64+M7JWE6rCIIOyImCDsl4bri7Xri4jri6Qu,,,,,,,,,,,,,
C153AQ,67iM66CI7J2065Oc,,,,,,,,,,,,,
DF53AQ,POyVhOydtO2FnCDri7Tri7nqtIA+,,,,,,,,,,,,,
DV53AQ,W+q1kOq0gCDruIzroIjsnbTrk5xdCuydtCDqs7Psl5DshJwg6rCA67Cp7J2EIOqwgOuTnSDssYTsmrDquLDrj4Qg7Im97KeAIOyViuydhO2FkOuNsC4uLgouLi7snbzri6gg6rCA67Cp7J2EIOu5hOyasOqzoCDri6Tsi5wg7Jik64+E66GdLg==,,,,,,,,,,,,,
Dl53AQ,W+q1kOq0gCDruIzroIjsnbTrk5xdCuyVhOyVhC4u7J6g6rmQLCDsspjsnYwg67O064qUIOyWvOq1tOyduOuNsArrqqjtl5jqsIAg65Ox66Gd7J2AIOyZhOujjO2WiOuCmD8K7J2067KI7JeQIO2BrOumrO2IrOudvCDtlZnsm5DsnbQg6rCc7Y6465CY66m07IScIOynhO2WiSDqs7zsoJXsnbQg7KKAIOuwlOuAjOyWtOyEnC4uLg==,,,,,,,,,,,,,
D153AQ,W+q1kOq0gCDruIzroIjsnbTrk5xdCuyekCwg7IOI66GcIOqwnO2OuOuQnCDqs7zsoJXsl5Ag66ee7LawIOyViOuCtOulvCDtlZjrj4TroZ0g7ZWY7KeALi7slYTri4gg7ZWY6rKg7Iq164uI64ukLgrquLDrs7jsoIHsnbgg7J2064+ZIOyhsOyekeydgCDslrTripDsoJXrj4Qg6rCQ7J2EIOyeoeyVmOydhO2FjOqzoCwK7Iqk7ZSE65287YKk7JeQ6rKMIOuwm+ydgCDtgJjsiqTtirjroZwg64KY66W8IOyemCDssL7slYTsmZTqtbAuLuyalC4=,,,,,,,,,,,,,
EF53AQ,W+q1kOq0gCDruIzroIjsnbTrk5xdCuyngOq4ie2VnCDtgJjsiqTtirjrpbwg7KCc64yA66GcIOyImO2Wie2VmOyFqOycvOuvgOuhnCDqt7jsl5Ag7IOB7J2R7ZWY64qUIOuztOyDgeycvOuhnCDqsr3tl5jsuZjrpbwg7KeA6riJ7ZWY6rKgLi7sirXri4jri6QuCu2ajeuTne2VnCDqsr3tl5jsuZjripQg7KKM7LihIOyDgeuLqOydmCDqsr3tl5jsuZjrsJTrpbwg7Ya17ZW0IOyWuOygnOuToOyngCDtmZXsnbjsnbQg6rCA64ql7ZWY64ukLi7slYTri4gg6rCA64ql7ZWp64uI64ukLg==,,,,,,,,,,,,,
EV53AQ,W+q1kOq0gCDruIzroIjsnbTrk5xdCuuLpOydjOydgCDslYTsnbTthZzsl5Ag6rSA7ZWcIOyEpOuqheydhCDrk5zrprTthYzri4gsIOykgOu5hOqwgCDrkJjrqbQg64uk7IucIOunkOydhCDqsbjslrTso7zquLgg67CU656ALi7rsJTrno3ri4jri6Qu,,,,,,,,,,,,,
El53AQ,W+q1kOq0gCDruIzroIjsnbTrk5xdCuq3uOufvCDsnbTsoJwg7JWE7J207YWc6rO8IOyepeu5hOyXkCDqtIDtlZwg7ISk66qF7J2EIOyLnOyeke2VmOuPhOuhnS4u7Iuc7J6R7ZWY6rKg7Iq164uI64ukLg==,,,,,,,,,,,,,
E153AQ,W+q1kOq0gCDruIzroIjsnbTrk5xdCi4uLi4uIOq3uOuDpSDtjrjtlZjqsowg66eQ7ZWY7KeALgouLi7snbXsiJntlbTsp4Dsp4Ag7JWK7JWE7IScIOunkOydtOyVvC4K6re465+wIOuIiOycvOuhnCDrs7Tsp4Ag66eQ65286rOgLi4=,,,,,,,,,,,,,
FF53AQ,W+q1kOq0gCDruIzroIjsnbTrk5xdCuq3uOufvCDri6TsnYwg7KeE7ZaJ7J2EIO2VmOuPhOuhnSDtlZjsp4AuCuyVhOydtO2FnOqzvCDsnqXruYTsl5Ag64yA7ZWcIOqyg+ydtOuLpC4=,,,,,,,,,,,,,
FV53AQ,W+q1kOq0gCDruIzroIjsnbTrk5xdCuyZvOyqvSDsg4Hri6jsnZgg6riw67O47KCV67O07LC97JeQ7IScICdJdGVtJ+yVhOydtOy9mOydhCDriITrpbTqsbDrgpgsCl40RDRERkZJXjAwMDAwMCDtgqTrpbwg64iE66W066m0IOyVhOydtO2FnOywveydtCDtmZzshLHtmZQg65Cc64ukLgrslYTsnbTthZzssL3snYAg7YGs6rKMIOyEuOqwgOyngCDtg63snLzroZwg67aE66WY65CY64qU642w,,,,,,,,,,,,,
Fl53AQ,W+q1kOq0gCDruIzroIjsnbTrk5xdCuqwgeqwgSwgJ+yGjOu5hCcsICfsnqXruYQnLCAn6riw7YOAJyDslYTsnbTthZzsnbTri6QuCuyCrOyaqe2VmOqxsOuCmCDsnqXruYTtlZjqs6DsnpAg7ZWY64qUIOyVhOydtO2FnOydgCDtlbTri7kg7JWE7J207YWc7J2EIOuNlOu4lO2BtOumrSDtlZjqsbDrgpgK7J6l67mE7LC97Jy866GcIOuTnOuemOq3uCDtlZjsl6wg7J207Jqp7ZWgIOyImCDsnojslrQu,,,,,,,,,,,,,
F153AQ,W+q1kOq0gCDruIzroIjsnbTrk5xdCuqwgSDslYTsnbTthZzsl5Ag64yA7ZWcIOyDgeyEuO2VnCDshKTrqoXsnbQg67O06rOgIOyLtuycvOuptCDtlbTri7kg7JWE7J207YWc7J2EIOyasO2BtOumrSDtlZjrqbQg65Cc64ukLgrshKDtg53tlZwg7JWE7J207YWc7J2YIOyEuOu2gCDshKTrqoXsnYQg67O8IOyImCDsnojsp4Au,,,,,,,,,,,,,
GF53AQ,XkZGMDAwMCEtIOyViOuCtCAtIV4wMDAwMDAK7JWE7J207YWc7J2EIOuniOyasOyKpCDsmKTrpbjsqr0g7YG066at7J2EIO2VmOuptCDtlbTri7kg7JWE7J207YWc7J2YIOyDgeyEuO2VnCDshKTrqoXsnYQg67O8IOyImCDsnojsirXri4jri6Qu,,,,,,,,,,,,,
GV53AQ,XkZGMDAwMCEtIOyViOuCtCAtIV4wMDAwMDAK7ZSM66CI7J207Ja066W8IOyEoO2Dne2VoCDqsr3smrAg7Luk666k64uI7YuwIOuplOuJtOqwgCDtmZzshLHtmZTrkJjrqbAg7YyM7Yuw6rCA7J6FLCDqsbDrnpgg65Ox7J2EIOyalOyyre2VoCDsiJgg7J6I7Iq164uI64ukLg==,,,,,,,,,,,,,
Gl53AQ,XkZGMDAwMCEtIOyViOuCtCAtIV4wMDAwMDAK7JWE7J207YWc65Ok7J2AIOqwhOuLqO2VmOqyjCDrjZTruJTtgbTrpq3snLzroZwg7IKs7Jqp7ZWY6rGw64KYIOyepeywqe2VoCDsiJgg7J6I7Iq164uI64ukLgrslYTsnbTthZzssL3snYAg64uo7LaV7YKkIF40RDRERkZJXjAwMDAwMCDroZwg6rCE64uo7ZWY6rKMIOyXtOqzoCDri6vsnYQg7IiYIOyeiOyKteuLiOuLpC4=,,,,,,,,,,,,,
G153AQ,XkZGMDAwMCEtIOyViOuCtCAtIV4wMDAwMDAK7J6l7LCp7ZWcIOyVhOydtO2FnOydmCDtmZXsnbjsnYAg64uo7LaV7YKkIF40RDRERkZFXjAwMDAwMCDroZwg7Je07Ja07IScIO2ZleyduOydtCDqsIDriqXtlanri4jri6QuCuyepeywqe2VmOqzoOyekCDtlZjripQg7JyE7LmY66GcIO2VtOuLuSDslYTsnbTthZzsnYQg65Oc656Y6re47ZWY7Jes64+EIOuQqeuLiOuLpC4=,,,,,,,,,,,,,
HF53AQ,W+q1kOq0gCDruIzroIjsnbTrk5xdCuyasOyEoCDsnbTqsoPrk6TsnYQg67Cb7JWELgrsoITtiKzsl5Ag64+E7JuA7J20IOuQmOuKlCDrrLTquLDsmYAg7ZqM67O17JqpIO2PrOyFmOydtOyVvC4=,,,,,,,,,,,,,
HV53AQ,W+q1kOq0gCDruIzroIjsnbTrk5xdCuyasOyEoCDrgrTqsIAg7KSAIOy0iOuztOyekOyaqSDrp53qs6Dsiojrpbwg7LCp7Jqp7ZW0IOuzvOq5jD8K7J6l67mE7ZWY6rOg7J6QIO2VmOuKlCDslYTsnbTthZzsnYQgXjRENERGRuuNlOu4lO2BtOumrV4wMDAwMDDtlZjsl6wg66qo65GQIOyepeywqe2VnCDri6TsnYzsl5Ag6rOE7IaNIOynhO2Wie2VmOyekOqzoC4=,,,,,,,,,,,,,
Hl53AQ,XkZGMDAwMCEtIOyViOuCtCAtIV4wMDAwMDAK6rWQ6rSA7JeQ6rKM7IScIOuwm+ydgCDrrLTquLDrpbwg7J6l67mEIO2VtCDrtIXsi5zri6Qu,,,,,,,,,,,,,
H153AQ,W+q1kOq0gCDruIzroIjsnbTrk5xdCuygnOuMgOuhnCDsnpgg7LCp7Jqp7ZaI6rWwLgrtlZnsm5DsnZgg6rWQ6rO8IOqzvOygleydhCDsnpgg65Sw65287Jik6rOgIOyeiOyWtC4K7ZuM66Wt7ZWcIO2VmeyDneyXkOqykCDshKDrrLzsnYQg7KSY7JW87KeALgrqs6cg7J6I7J2EIOyLpOyghCDsiJjsl4Xsl5Ag64yA67mE7ZWcIO2PrOyFmOydtOuLpC4=,,,,,,,,,,,,,
IF53AQ,W+q1kOq0gCDruIzroIjsnbTrk5xdCuq3uOufvCDri6TsnYzsnYAg7Iqk7YKs7IKs7Jqp7JeQIOuMgO2VtCDslYzslYTrs7zquYw/Cuq3uCDsoITsl5Ag7J6g6rmQIOuwsOybjOyVvCDtlaAg6rKD7J20IOyeiOyWtC4K7IKs7Jqp7ZWgIOyKpO2CrOydtCDsl4bsnLzrqbQg7LK07ZeY7ZWgIOyImOuPhCDsl4bsnLzri4jquYwg66eQ7J207KeALg==,,,,,,,,,,,,,
IV53AQ,W+q1kOq0gCDruIzroIjsnbTrk5xdCuydmOustOyLpOyXkCA8TkFWST5b7LmY66OM7IKsXTxJTkZPPnR1X2FjMDFfYiw2MCw0MywwMDAsMDwvSU5GTz48L05BVkk+652864qUIOyCrOuejOydtCDsnojslrQuCuq3uOulvCDssL7slYTqsIDshJwgXjRENERGRlvsnZHquInsuZjro4xdXjAwMDAwMOulvCDrsLDsm4zsmKTrj4TroZ0g7ZW0Lg==,,,,,,,,,,,,,
Il53AQ,W+q1kOq0gCDruIzroIjsnbTrk5xdCuuCtOqwgCDsp4DquIntlZwg66y06riw66W8IOuToCDrkqQg64uk7IucIOunkOydhCDqsbjslrTspJgu,,,,,,,,,,,,,
I153AQ,W+q1kOq0gCDruIzroIjsnbTrk5xdCuyVhOyngSDsiqTtgqzsnYQg67Cw7JuM7Jik7KeAIOyViuydgCDqsoMg6rCZ7J2A642wPwrsnZjrrLTsi6Tsl5AgPE5BVkk+W+y5mOujjOyCrF08SU5GTz50dV9hYzAxX2IsNjAsNDMsMCwxMDEsMDwvSU5GTz48L05BVkk+652864qUIOyCrOuejOydtCDsnojsnLzri4gsCuq3uOulvCDssL7slYTqsIDshJwgXjRENERGRlvsnZHquInsuZjro4xdXjAwMDAwMCDsiqTtgqzsnYQg67Cw7JuM7Jik64+E66GdIO2VtC4=,,,,,,,,,,,,,
JF53AQ,W+q1kOq0gCDruIzroIjsnbTrk5xdCuydtOygnCBeNEQ0REZGW+ydkeq4iey5mOujjF1eMDAwMDAwIOyKpO2CrOydtCDsnojqsqDsp4AuCuyhsOq4iCDsoITsl5Ag7ISk66qF7ZWcIOqyg+qzvCDrp4jssKzqsIDsp4DroZwg7J2R6riJ7LmY66OMIOyKpO2CrOydmCDslYTsnbTsvZjsnYQg64uo7LaV7YKkIOyKrOuhr+yXkCDsp4DsoJXtlZjrqbQK6rCE7Y647ZWY6rKMIOyKpO2CrOydhCDsgqzsmqntlaAg7IiYIOyeiOuLpC4=,,,,,,,,,,,,,
JV53AQ,W+q1kOq0gCDruIzroIjsnbTrk5xdCuydtOygnCDsi6TsoIQg7IiY7JeF66eMIOuCqOyVhOyeiOq1sC4K6rG066y8IOuwluycvOuhnCDrgpjqsIQg7ZuEIOydtOymiOujqOuTnOulvCDrspfslrTrgpjrqbQg66qs7Iqk7YSw6rCAIOyeiOydhOqxsOyVvC4=,,,,,,,,,,,,,
Jl53AQ,W+q1kOq0gCDruIzroIjsnbTrk5xdCuqxtOusvCDslYjsl5DshJzrp4wg7IiY7JeF7J2EIOuTo+uKlCDqsoPrj4Qg64u164u17ZaI7J2E7YWQ642wLArsl6zquLDquYzsp4Ag64K06rCAIOyngOyLnO2VmOuKlOuMgOuhnCDslYTso7wg7J6YIOuUsOudvOyZlOyWtC4=,,,,,,,,,,,,,
J153AQ,W+q1kOq0gCDruIzroIjsnbTrk5xdCuydtOygnCDsnbTspojro6jrk5wg67CU6rml7J2YIDxOQVZJPlvsmrDrpbRdPElORk8+dHVfZmlsZF9iLDMyMCwyMzAsMCwxMDEsMDwvSU5GTz48L05BVkk+6rCAIOyLpOyghCDsiJjsl4XsnYQg64+E7JmA7KSE6rGw64ukLg==,,,,,,,,,,,,,
KF53AQ,W+q1kOq0gCDruIzroIjsnbTrk5xdCuybkO2VnOuLpOuptCDsp4DquIgg67CU66GcIDxOQVZJPlvsmrDrpbRdPElORk8+dHVfZmlsZF9iLDMyMCwyMzAsMCwxMDEsMDwvSU5GTz48L05BVkk+7JeQ6rKMIOuztOuCtOyjvOqyoOuLpC4K66y866GgIOuniOydhOydhCDrkZjrn6zrs7TrqbTshJwg6rCA64qUIOqyg+uPhCDrgpjsgZjsp4Qg7JWK7KeALg==,,,,,,,,,,,,,
KV53AQ,67O064K07KO87IS47JqULg==,,,,,,,,,,,,,
Kl53AQ,7KeB7KCRIOqwgOuztOqyoOyKteuLiOuLpC4=,,,,,,,,,,,,,
K153AQ,W+q1kOq0gCDruIzroIjsnbTrk5xdCuq4uOydhCDsnoPsnYQg6rKDIOqwmeydhOuVkCDrj4Tsm4DsnYQg67Cb64qU6rKD64+EIOyii+ydgCDsnpDshLjslbwuCuu2gOuUlCDrqrjsobDsi6ztlZjrj4TroZ0u,,,,,,,,,,,,,
LF53AQ,W+q1kOq0gCDruIzroIjsnbTrk5xdCuuqqO2XmOydgCDsiqTsiqTroZzsnZgg6ri47J2EIOygle2VmOuKlCDsnbzsnbTsp4AuCuyii+ydgCDrp4jsnYzqsIDsp5DsnbTslbwu,,,,,,,,,,,,,
LV53AQ,W+q1kOq0gCDruIzroIjsnbTrk5xdCuq3uOyXkOqyjCDrgpjrqLjsp4Ag7IiY7JeF7J2EIOuTo+uLpCDrs7TrqbQg7KCE7KeB7J2EIO2VoCDroIjrsqjsnbQg65CY6rKg7KeALgrrgrTqsIAg7KSAIOustOq4sOyZgCDtj6zshZjsnYQg7Zmc7Jqp7ZWY66m0IOy2qeu2hO2eiCDqsIDriqXtlaDthYzri4jquYwg7Je07Ius7Z6IIO2VtOuztOudvOqzoC4=,,,,,,,,,,,,,
Ll53AQ,W+q1kOq0gCDruIzroIjsnbTrk5xdCuydtOymiOujqOuTnCDrsJTquaXsnZggPE5BVkk+W+yasOultF08SU5GTz50dV9maWxkX2IsMzIwLDIzMCwwLDEwMSwwPC9JTkZPPjwvTkFWST7rpbwg7LC+7JWE6rCA65286rOgIO2WiOyXiOuKlOuNsArtmLnsi5wg6ri47J2EIOyeg+yXiOuCmD8=,,,,,,,,,,,,,
L153AQ,7KCIIOuLpOyLnCDrs7TrgrTso7zshLjsmpQu,,,,,,,,,,,,,
MF53AQ,W+q1kOq0gCDruIzroIjsnbTrk5xdCuyDiOuhnCDsmKgg66qo7ZeY6rCA7J246rCAPwrqt7zrjbAg7JWE7KeBIOygleyLnSDrqqjtl5jqsIDroZwg65Ox66Gd7ZWY7KeEIOyViuydgCDrqqjslpHsnbTqtbA=,,,,,,,,,,,,,
MV53AQ,W+q1kOq0gCDruIzroIjsnbTrk5xdCuyeheq1rOyXkCDsnojripQgW+yKpO2UhOudvO2CpF3smYAg7J207JW86riw7ZW07IScCuygleyLneycvOuhnCDrqqjtl5jqsIAg65Ox66Gd7J2EIOuniOy5mOqzoCDsmYAu,,,,,,,,,,,,,
Ml53AQ,W+q1kOq0gCDruIzroIjsnbTrk5xdCuyekOuEpOuKlCDsnbTqs7Psl5Ag7J6I7J2E66eM7ZWcIOyCrOuejOydtCDslYTri4wg6rKDIOqwmeq1sC4=,,,,,,,,,,,,,
M153AQ,7LmY66OM7IKs,,,,,,,,,,,,,
NF53AQ,POyKpO2CrCDri7Tri7nqtIA+,,,,,,,,,,,,,
NV53AQ,W+y5mOujjOyCrF0K7IOI66Gc7Jq0IOuqqO2XmOqwgOyLnOq1sOyalC4K7J206rOz7J2AIOyWke2YuOyLpOyeheuLiOuLpC4K66y07IqoIOydvOuhnCDssL7slYTsmKTshajsp4DsmpQ/,,,,,,,,,,,,,
Nl53AQ,7J206rOz7J2AIOutmCDtlZjripQg6rOz7J207KOgPw==,,,,,,,,,,,,,
N153AQ,W+y5mOujjOyCrF0K7J206rOz7J2AIOy0iOuztOyekOu2hOuTpOydmCDsuZjro4zrpbwg64+V64qUIOydmOustOyLpOyeheuLiOuLpC4K7Iuk7KCEIOyImOyXheydhCDtlZjsi5zri6Qg64uk7LmY7Iuc64qUIOu2hOuTpOydtCDqvaQg6rOE7Iuc6rGw65Og7JqULg==,,,,,,,,,,,,,
OF53AQ,W+y5mOujjOyCrF0K66qo7ZeY6rCA64uY64+EIOuVjOqwgOuQmOuptCDsoIDsnZgg7IiY7JeF7J2EIOuTo+qyjCDrkKDqsoHri4jri6QuCuyhsOq4iOyeiOuLpOqwgCDri6Tsi5wg67WZ7KOgLgrsoJXsi50g7J247IKs64qUIOq3uOuVjCDtlZjrj4TroZ0g7ZWY6rKg7Iq164uI64ukLg==,,,,,,,,,,,,,
OV53AQ,7ZeI67iM66eMIOq1rO2VtOyYpOuptCDrkJjripQg6rGw7KeAPw==,,,,,,,,,,,,,
Ol53AQ,64SkLCDqt7jrn7wg7J6YIOu2gO2DgeuTnOumveuLiOuLpC4=,,,,,,,,,,,,,
O153AQ,W+ujqOuvvF0K662Q7JW8PwrqsJHsnpDquLAg7JWe6ri47J2EIOqwgOuhnOunieqzoC4=,,,,,,,,,,,,,
PF53AQ,W+ujqOuvvF0K7IOI66Gc7Jq0IOuqqO2XmOqwgOyduOqwgOuztOuEpD8K7JWE7KeBIOyghOyngeuPhCDslYjtlZwg66qo7JaR7J206rOgIOunkOydtOyVvC4=,,,,,,,,,,,,,
PV53AQ,W+ujqOuvvF0K662QLCDsnbTrn7Ag6rOz7JeQ7IScIOunjOuCnCDqsoPrj4Qg7J247Jew7J24642wCuuCnCDro6jrr7zsnbTslbwu,,,,,,,,,,,,,
Pl53AQ,64KcIHswfQ==,,,,,,,,,,,,,
P153AQ,W+ujqOuvvF0K64KcIOydtOu2hOydmCDrtoDtg4HsnYQg65Ok7Ja07KO86rOgIOyKrOyKrCDsoITsp4HsnYQg7ZWY65+sIOqwgOugpOqzoC4K64SMIOyVhOyngSDtm4jroKjsnbQg642UIO2VhOyalO2VnCDrqqjslpHsnbTri4gsIOyXtOyLrO2eiCDtlbTrs7Trnbzqs6Au,,,,,,,,,,,,,
QF53AQ,6re465+8IOydtOunjC4=,,,,,,,,,,,,,
QV53AQ,W+y5mOujjOyCrF0K67Cp6riIIOq3uOu2hOq7mCDtj6zshZjsnYQg66eM65OkIOyerOujjOulvCDsmpTssq3rk5zrpqzripDrnbwg7J6g7IucIOyLpOuhgO2WiOyKteuLiOuLpC4K7J206rOz7J2AIOyWke2YuOyLpOyeheuLiOuLpC4K66y07IqoIOydvOuhnCDssL7slYTsmKTshajsp4DsmpQ/,,,,,,,,,,,,,
Ql53AQ,W+ydkeq4iey5mOujjF3sl5Ag64yA7ZW07ISc,,,,,,,,,,,,,
Q153AQ,W+y5mOujjOyCrF0K7JWELCDsg4jroZzsmrQg66qo7ZeY6rCA7Iug6rCAIOuztOq1sOyalC4K7J2R6riJ7LmY66OM64qUIOychOq4ie2VnCDsiJzqsITsl5AgU1DrpbwgSFDroZwg7LmY7ZmY7ZWY64qUIOyKpO2CrOydtOyjoC4=,,,,,,,,,,,,,
RF53AQ,W+y5mOujjOyCrF0K7ZqM67O165+J7J2AIOq3ue2eiCDrr7jrr7jtlZjsp4Drp4zigKYK7LmY66qF7KCB7J24IOydvOqyqeycvOuhnCDquLDsoIjtlZjripTqsoMg7KCV64+E64qUIO2UvO2VoCDsiJgg7J6I7J2E6rGw656N64uI64ukLg==,,,,,,,,,,,,,
RV53AQ,W+y5mOujjOyCrF0K7Iqk7YKs7LC97J2AIOq4sOuzuOygleuztOywveyXkOyEnCBeNEQ0REZGc2tpbGxeMDAwMDAw67KE7Yq87Jy866GcIOyXtCDsiJgg7J6I7Iq164uI64ukLgrri6jstpXtgqTripQgXjRENERGRlMgXjAwMDAwMCDsp4DsmpQuCuydkeq4iey5mOujjOulvCDtlZzrsogg7I2oIOuztOyLnOqyoOyWtOyalD8=,,,,,,,,,,,,,
Rl53AQ,W+y5mOujjOyCrF0K6re465+8IOunieqwhOydhCDsnbTsmqntlbQg7KKL7J2A6rGwIOyVjOugpOuTnOumrOyjoC4KXjRENERGRu2CpCBGMTIgXjAwMDAwMOulvCDriIzrn6zrs7TrqbQ/CuyYpOyYpCDrhoDrnbzsm4zrnbwsIOyVhO2ZieqwnOydmCDsnpHsnYAg7Lm47J20IOydvOugrOuhnCDrgpjsl7TrkJwg64uo7LaV7LC97J20IOuCmOyYteuLiOuLpC4=,,,,,,,,,,,,,
R153AQ,W+y5mOujjOyCrF0K64uo7LaV7LC97J2YIOyYpOuluOyqvSDrqqjshJzrpqwg67aA67aE7J2EIOuTnOuemOq3uCDtlZjrqbQg64uk66W4IO2OmOydtOyngOuPhCDrs7wg7IiYIOyeiOuLteuLiOuLpC4=,,,,,,,,,,,,,
SF53AQ,W+y5mOujjOyCrF0K7IKs7Jqp67KV7J2AIOqwhOuLqO2VmOyngOyalC4gXjRENERGRuqwgeqwgeydmCDsiqzroa/snYAgMSDtgqTsl5DshJwgOSDtgqTquYzsp4Ag6rCB7J6QIOuMgOydkV4wMDAwMDDtlZjqsbDrk6DsmpQuCuyCrOyaqe2VmOqzoOyekCDtlZjripQg7Iqk7YKs7J2064KYIOyVhOydtO2FnOydhCDsiqzroa/sl5Ag65Ox66GdIO2bhCDrjIDsnZHrkJjripQg7YKk66W8IOuIjOufrOyjvOuptCDrsJTroZwg7I2o7KeR64uI64ukLg==,,,,,,,,,,,,,
SV53AQ,XkZGMDAwMCEtIOyViOuCtCAtIV4wMDAwMDAKXjRENERGRuuLqOy2le2CpOydmCDsiqzroa/sl5Ag7IKs7Jqp7ZWY6rOg7J6QIO2VmOuKlCDslYTsnbTthZzsnbTrgpgg7Iqk7YKs7J2YIOyVhOydtOy9mOydhCDrk5zrnpjqt7gg7ZWY7JesIOuTseuhnSDtlaAg7IiYIOyeiOyKteuLiOuLpC4=,,,,,,,,,,,,,
Sl53AQ,XkZGMDAwMCEtIOyViOuCtCAtIV4wMDAwMDAKXjRENERGRuyKrOuhr+yXkCDrk7HroZ3rkJwg7JWE7J207YWc6rO8IOyepeu5hOuKlCDqsIEg7Iqs66Gv7JeQIOuMgOydkeuQmOuKlCAxfjntgqTrpbwg64iM65+sIOuwlOuhnCDsgqzsmqksIO2YueydgCDsnqXssKnsnbQg6rCA64ql7ZWp64uI64ukLg==,,,,,,,,,,,,,
S153AQ,XkZGMDAwMCEtIOyViOuCtCAtIV4wMDAwMDAKXjRENERGRuuLqOy2le2CpCDshKTsoJXsnYQg7Ya17ZW0IOyehOydmOuhnCDsm5DtlZjripQg64yA7J2RIOuLqOy2le2CpOulvCDsp4DsoJXtlZjsl6wg7IKs7Jqp7ZWgIOyImOuPhCDsnojsirXri4jri6Qu,,,,,,,,,,,,,
TF53AQ,XkZGMDAwMCEtIOyViOuCtCAtIV4wMDAwMDAKXjRENERGRuyekOyjvCDsgqzsmqntlZjripQg7JWE7J207YWc6rO8IOyKpO2CrOydhCDrk7HroZ3tlZjsl6wg6rCE7Y647ZWY6rKMIO2ZnOyaqe2VmOuPhOuhnSDtlZjsi63si5zsmKQu,,,,,,,,,,,,,
TV53AQ,W+y5mOujjOyCrF0K6re465+8IOyKpO2CrOywveydhCDsl7Tqs6AgXjRENERGRuydkeq4iey5mOujjF4wMDAwMDDrpbwg64uo7LaV7YKk66GcIOuTseuhne2VnCDri6TsnYzsl5Ag7IKs7Jqp7ZW0IOuztOyLreyLnOyYpC4K7IKs7Jqp7J20IO2bqOyUrCDqsITtjrjtlaDqsoHri4jri6Qu,,,,,,,,,,,,,
Tl53AQ,W+y5mOujjOyCrF0K7IOd7KG07JeQIOycoOumrO2VnCDsiqTtgqzsnYQg67Cw7Jqw7IWo7Jy864uILCDsnbTsoJwg6rOnIOyLpOyghOyImOyXheydhCDqsr3tl5jtlZjsi5zqsqDrhKTsmpQuCu2VmOyngOunjCDsi6TsoITsnYAg7IOd6rCB67O064ukIOychO2XmO2VqeuLiOuLpC4K7J6Q7Lmr7ZWY64uk6rCEIF40RDRERkbsoITtiKzrtojriqVeMDAwMDAwIOyDge2DnOqwgCDrkKAg7IiYIOyeiOqxsOuToOyalC4=,,,,,,,,,,,,,
T153AQ,W+y5mOujjOyCrF0K6re465+0IOqyveyasOulvCDrjIDruYTtlbQg7Lm07ZSE6528LCDsl6zqtIAsIOyhtOuLpCDshJzruYTsiqQg65Ox7JeQ7IScIOychOy5mCDsoIDsnqXsnYQg7KCc6rO17ZW07KSN64uI64ukLg==,,,,,,,,,,,,,
UF53AQ,W+y5mOujjOyCrF0K7JyE7LmYIOyggOyepeydtOuegCwgXjRENERGRuq3gO2ZmCDsnqXshozrpbwg7KeA7KCVXjAwMDAwMO2VmOuKlCDqsoPsnYQg66eQ7ZWp64uI64ukLgpeNEQ0REZG7KCE7Yis67aI64qlXjAwMDAwMOydtCDrkJjsl4jqsbDrgpgsIOq3gO2ZmOyVhOydtO2FnOyduCDrgpjruYTsnZgg64Kg6rCcIOuTseydhCDsgqzsmqntlojsnYTrlYwg64+M7JWE7Jik64qUIOqxsOygkOydtOyjoC4=,,,,,,,,,,,,,
UV53AQ,W+y5mOujjOyCrF0K7Lm07ZSE6528IOyEnOu5hOyKpOyXkCDrjIDtlbQg7J6Q7IS47Z6IIOyVjOqzoCDsi7bsnLzsi5zri6TrqbQg7J207KaI66Oo65OcIOykkeyVmeydmCBb7Lm07ZSE6528XeyXkOqyjCDrrLzslrTrs7Tsi5zrqbQg7IOB7IS47Z6IIOuMgOuLte2VtCDspIQg6rKB64uI64ukLg==,,,,,,,,,,,,,
Ul53AQ,W+y5mOujjOyCrF0K7IiY7JeF7J2EIOyemCDrp4jsuZjshajsnLzri4gg7Iuk7KCE7JeQIOuPhOybgOydtCDrkJjripQg7JWE7J207YWc7J2EIOyigCDrk5zrpqzrj4TroZ0g7ZWY7KOgLgo8TkFWST5b67iM66CI7J2065OcXTxJTkZPPnR1X2FjMDFfYiw2NCw3NCwwMDAsMDwvSU5GTz48L05BVkk+IOq1kOq0gOyXkOqyjCDqsIDrqbQg64uk66W4IOyImOyXheydhCDslYjrgrTtlbQg7KSEIOqygeuLiOuLpC4=,,,,,,,,,,,,,
U153AQ,W+y5mOujjOyCrF0K6re465+s6rOg67O064uIIF40RDRERkbsoITsp4FeMDAwMDAw7J20IOqwgOuKpe2VnCDroIjrsqjsnbTsi5zqtbDsmpQ/CjHssKgg7KeB7JeF7JeQIOuMgO2VtCDsooAg7JWM7JWE64qUIOuztOyFqOyKteuLiOq5jD8=,,,,,,,,,,,,,
VF53AQ,W+y5mOujjOyCrF0KXjRENERGRuyngeyXhSDroIjrsqjsnbQgMTBeMDAwMDAw7J20IOuQmOuptCBeNEQ0REZG7KCE7KeBXjAwMDAwMOydhCDtlaAg7IiYIOyeiOuLteuLiOuLpC4K7Ja065akIOyngeyXheydtCDsnojripTsp4AsIO2VmeybkCAy7Li17JeQ7IScIOqwgSDsp4Hsl4Xrs4Qg6rWQ6rSA7J2EIOunjOuCmOyEnCDslYzslYTrs7TshLjsmpQuCuuhnOu5hOydmCA8TkFWST5b7Iqk7ZSE65287YKkXTxJTkZPPnR1X2FjMDFfYiwxMDIsNDQsMCwxMDEsMDwvSU5GTz48L05BVkk+6rCAIOyVjOugpOykhOqygeuLiOuLpA==,,,,,,,,,,,,,
VV53AQ,W+y5mOujjOyCrF0K7J206rOz7J2AIOyWke2YuOyLpOyeheuLiOuLpC4K66y07IqoIOydvOuhnCDssL7slYTsmKTshajsp4DsmpQ/,,,,,,,,,,,,,
Vl53AQ,7IK066Ck7KO87IS47JqU4oCmISE=,,,,,,,,,,,,,
V153AQ,XjRENERGRuydkeq4iey5mOujjF4wMDAwMDDsl5Ag64yA7ZW07ISc,,,,,,,,,,,,,
WF53AQ,W+y5mOujjOyCrF0K66eO7J20IOuLpOyzpOuCmOyalD8K7J2864uoIOydkeq4iey5mOujjOuhnOuPhCDtlbTqsrDrkJjsp4Ag7JWK7J2EIOygleuPhOuhnD8h,,,,,,,,,,,,,
WV53AQ,W+y5mOujjOyCrF0K7ZuE4oCmIOydtOygleuPhOuptCDrkJjsl4jsnYTquYzsmpQ/CuyCtOyVhOuCrOyKteuLiOq5jD8K7KCV7Iug7J20IOyeiOycvOuptCDsoIDquLAg7Lmo64yA7JeQ7IScIOyigCDsiazri6Qg6rCA7Iut7Iuc7JikLg==,,,,,,,,,,,,,
Wl53AQ,W+y5mOujjOyCrF0K6re46rG0IOqzpOuegO2VmOuEpOyalOKApgrrrLTro4wg7J2Y66OM6riw6rSA7J20IOyVhOuLiOudvOyEnC4K7ZmY7J6Q66W8IOyZuOuptO2VmOuKlOqxtCDslYjrkJjsp4Drp4wg64u57J6lIOyjveydhCDqsoPsspjrn7wg67O07J207KeEIOyViuuKlOq1sOyalC4=,,,,,,,,,,,,,
W153AQ,W+y5mOujjOyCrF0K7JWEISDqt7jroIfsp4AuCuuquOydtCDtmozrs7Ug65CgIOuVjOq5jOyngCDsnbQg6rOz7JeQ7IScIOyJrOyLnOyjoC4K67mIIOy5qOuMgOuKlCDslrzrp4jrk6Dsp4Ag7J6I7Jy864uI6rmM7JqUIQ==,,,,,,,,,,,,,
XF53AQ,W+y5mOujjOyCrF0K7J2R6riJ7LmY66OM64qUIOydtOuvuCDslYzqs6Ag6rOE7Iuc7J6W7Iq164uI6rmM4oCmCuyXkOydtOKApiDshJzroZwg67CU7IGc642wIOydtOufrOyngCDrp5nsi5zri6Qu,,,,,,,,,,,,,
XV53AQ,7Iqk7YKs7IKs7JqpIOyEpOuqheydhCDri6Tsi5wg65Oj64qU64ukLg==,,,,,,,,,,,,,
Xl53AQ,6re466eMIOuRlOuLpC4=,,,,,,,,,,,,,
X153AQ,W+y5mOujjOyCrF0K7Iqk7YKs7LC97J2AIOq4sOuzuOygleuztOywveyXkOyEnCBeNEQ0REZGU2tpbGxeMDAwMDAw67KE7Yq87Jy866GcIOyXtCDsiJgg7J6I7Iq164uI64ukLgrri6jstpXtgqTripQgXjRENERGRlMgXjAwMDAwMCDsp4DsmpQu,,,,,,,,,,,,,
YF53AQ,W+y5mOujjOyCrF0KXjRENERGRu2CpCBGMTJeMDAwMDAw66W8IOuIjOufrOuztOuptD8K7Jik7JikIOuGgOudvOybjOudvCwg7JWE7ZmJ6rCc7J2YIOyekeydgCDsubjsnbQg7J2866Cs66GcIOuCmOyXtOuQnCDri6jstpXssL3snbQg64KY7Ji164uI64ukLg==,,,,,,,,,,,,,
YV53AQ,W+y5mOujjOyCrF0K6re465+8IOyKpO2CrOywveydhCDsl7Tqs6AgJ+yCrOyaqe2VoCDsiqTtgqwg7JWE7J207L2YJ+ydhCDri6jstpXtgqTroZwg65Ox66Gd7ZWcIOuLpOydjOyXkCDsgqzsmqntlbQg67O07Iut7Iuc7JikLgrsgqzsmqnsnbQg7Zuo7JSsIOqwhO2OuO2VoOqygeuLiOuLpC4=,,,,,,,,,,,,,
Yl53AQ,W+y5mOujjOyCrF0K7ZqM67O16rO8IOyggOyepeydtCDtlYTsmpTtlZjri6TrqbQg7Ja47KCc65OgIOywvuyVhOyjvOyEuOyalC4=,,,,,,,,,,,,,
Y153AQ,W+y5mOujjOyCrF0K6re466CH6rWw7JqULgrsnZHquInsuZjro4zripQg7JyE6riJ7ZWcIOyInOqwhOyXkCBTUOulvCBIUOuhnCDsuZjtmZjtlZjripQg7Iqk7YKs7J207KOgLg==,,,,,,,,,,,,,
ZF53AQ,W+y5mOujjOyCrF0K7Iqk7YKs7LC97J2AIOq4sOuzuOygleuztOywveyXkOyEnCBeNEQ0REZGU2tpbGxeMDAwMDAw67KE7Yq87Jy866GcIOyXtCDsiJgg7J6I7Iq164uI64ukLgrri6jstpXtgqTripQgXjRENERGRlNeMDAwMDAwIOyngOyalC4K7J2R6riJ7LmY66OM66W8IO2VnOuyiCDsjagg67O07Iuc6rKg7Ja07JqUPw==,,,,,,,,,,,,,
ZV53AQ,W+y5mOujjOyCrF0K6re465+8IOunieqwhOydhCDsnbTsmqntlbQg7KKL7J2A6rGwIOyVjOugpOuTnOumrOyjoC4KXjRENERGRu2CpCBGMTJeMDAwMDAw66W8IOuIjOufrOuztOuptD8K7Jik7JikIOuGgOudvOybjOudvCwg7JWE7ZmJ6rCc7J2YIOyekeydgCDsubjsnbQg7J2866Cs66GcIOuCmOyXtOuQnCDri6jstpXssL3snbQg64KY7Ji164uI64ukLg==,,,,,,,,,,,,,
Zl53AQ,W+y5mOujjOyCrF0K6re465+8IOyKpO2CrOywveydhCDsl7Tqs6AgJ+ydkeq4iey5mOujjCfrpbwg64uo7LaV7YKk66GcIOuTseuhne2VnCDri6TsnYzsl5Ag7IKs7Jqp7ZW0IOuztOyLreyLnOyYpC4K7IKs7Jqp7J20IO2bqOyUrCDqsITtjrjtlaDqsoHri4jri6Qu,,,,,,,,,,,,,
Z153AQ,66Oo66+8,,,,,,,,,,,,,
aF53AQ,6riw67O4IOq4sOuKpeuPhCDrp4jsiqTthLAg7ZaI7Jy864uIIOyKrOyKrCDsoITsp4HsnYQg7ZWY65+sIOqwgOuzvOq5jC4=,,,,,,,,,,,,,
aV53AQ,67O17IKs,,,,,,,,,,,,,
al53AQ,W+uzteyCrF0K7ISx7KeB7J6Q7J2YIOqwgOyepSDssqsg6rG47J2M7J2AIOuwlOuhnCBeNEQ0REZG67O17IKsLCDspokg7Ja07L2c65287J207Yq4XjAwMDAwMOu2gO2EsOyXkOyalC4=,,,,,,,,,,,,,
a153AQ,W+uzteyCrF0K7J6Q7Iug6rO8IO2DgOyduOydhCDsuZjsnKDtlZjripQgXjRENERGRu2ekF4wMDAwMDDsnYQg7IKs7Jqp7ZWgIOyImCDsnojso6AuCuq3uOuemOyEnCDsoIQg7JaR7Zi47Iuk7JeQ7IScIOqwgOuBlCDsnbzsnYQg64+V6rOgIOyeiOuLteuLiOuLpC4=,,,,,,,,,,,,,
bF53AQ,W+uzteyCrF0K7J2R6riJ7ZmY7J6Q7JeQ6rKMIOyEseyngeyekOydmCDtmozrs7Ug7Iqk7YKs66eM7YG8IOyii+ydgOqxtCDsl4bqsbDrk6DsmpQu,,,,,,,,,,,,,
bV53AQ,W+uzteyCrF0K67O064ukIOuNlCDsnpDshLjtnogg7JWM6rOgIOyLtuuLpOuptCAy7Li17Jy866GcIOqwgOyEuOyalC4K7KeB7JeF7JeQIOuMgO2VnCDsnKDsmqntlZwg7KCV67O065Ok7J20IOunjuycvOuLiOq5jOyalC4=,,,,,,,,,,,,,
bl53AQ,7Jqw66W0,,,,,,,,,,,,,
b153AQ,POyghO2IrCDri7Tri7nqtIA+,,,,,,,,,,,,,
cF53AQ,W+yasOultF0K7J2RPyDrrLTsiqgg7J287J207KeAPwrrqrvrs7TrjZgg7Ja86rW07J24642wLCDsg4jroZwg65Ox66Gd7ZWcIOuqqO2XmOqwgOyduOqwgD8=,,,,,,,,,,,,,
cV53AQ,W+yasOultF0K7J2066aE7J20Li4uIHswfSwg7JWe7Jy866GcIOyemCDrtoDtg4HtlZjsp4AuCuuCmOuKlCDsi6TsoIQg7IiY7JeF7J2EIOuLtOuLue2VmOuKlCDsmrDrpbTrnbzqs6Ag7ZWY64SkLgrrp4zsnbzsnZgg7IKs7YOc66W8IOuMgOu5hO2VtCDsnbQg7J6l7IaM7JeQ7IScIOuqqO2XmOqwgOuTpOydhCDqtZDsnKHtlZjqs6Ag64+E7JmA7KO86rOg7J6I7KeALg==,,,,,,,,,,,,,
cl53AQ,7Iqk7Iq564uYISDsp4DquIgg64+M7JWE7JmU7Iq164uI64ukIQ==,,,,,,,,,,,,,
c153AQ,7Iqk7YWM7J207YSw7Iqk64qUIOyigCDsmKzroKTrs7TslZjrgpg/,,,,,,,,,,,,,
dF53AQ,W+ugiOuFuF0K6rO87JewIOunkOyUgO2VmOyLoOuMgOuhnCwgXjRENERGRu2emChTVFIpXjAwMDAwMOydhCDsmKzrpqzripTqsowg64+E7JuA7J20IOuQmOuEpOyalCEK7Y+J7IaM67O064ukIO2bqOyUrCDqsJXtlZwg6rO16rKp7J2EIO2VoCDsiJgg7J6I6rKMIOuQmOyXiOyKteuLiOuLpC4=,,,,,,,,,,,,,
dV53AQ,W+yasOultF0K66ee7JWELCDrhIjripQgXjRENERGRuqygOyCrF4wMDAwMDDsnbTri4gg7KO87JqUIOyKpO2Fn+ydgCBeNEQ0REZG7Z6YKFNUUileMDAwMDAw7J207KeALi4K66qF7KSR66Wg7J20IOu2gOyhse2VmOuptCDrrLTsiqgg7Iqk7YWM7J207YSw7Iqk66W8IOyYrOumrOudvOqzoCDtlojsp4A/,,,,,,,,,,,,,
dl53AQ,W+ugiOuFuF0K66qF7KSR66Wg7J20IOu2gOyhse2VoCDrlZAgXjRENERGRuyGnOyUqCAoREVYKV4wMDAwMDDsnoXri4jri6Qh,,,,,,,,,,,,,
d153AQ,6riw67O47J2AIOuqqOuRkCDsiJnsp4DtlZjqs6Ag7J6I7KOgIQ==,,,,,,,,,,,,,
eF53AQ,W+yasOultF0K7KCV64u17J207JW8Lgrqt7jrnpjrj4Qg67Cp6riIIOyghOq5jOyngCDrsLDrqYDrr7jrpbwg6re466CH6rKMIO2WiOycvOuptOyEnCDrhIjrrLQg66y066as7ZWY7KeA64qUIOuniC4K7J20IOq3vOuwqeyXkCDsnojripQg66qs7Iqk7YSw65Ok7J2AIOuEiOydmCDsi6TroKXsnLzroZzrj4Qg7Lap67aE7ZWY6rKg7KeA66eMLCDrsKnsi6zsnYAg7ZWY7KeAIOunkOuPhOuhnS4=,,,,,,,,,,,,,
eV53AQ,7JWM6rKg7Iq164uI64ukIQ==,,,,,,,,,,,,,
el53AQ,7JWELCDqt7gg7KCE7JeQIOyeoOq5kC4=,,,,,,,,,,,,,
e153AQ,W+yasOultF0K7Jes6riwIOyeiOuKlCDsg4gg66qo7ZeY6rCA7JmA64+EIOyduOyCrO2VtC4K7LWc6re8IOuqqO2XmOydhCDsi5zsnpHtlZwg66qo7JaR7J207JW8Lg==,,,,,,,,,,,,,
fF53AQ,W+ugiOuFuF0K7JWI64WVIQrrgpwgXjRENERGRuugiOuFuF4wMDAwMDDrnbzqs6Ag7ZW0LgrrhIwg7J2066aE7J20IOutkOyVvD8=,,,,,,,,,,,,,
fV53AQ,W3swfV0KezB9Lg==,,,,,,,,,,,,,
fl53AQ,W+ugiOuFuF0K6re466CH6rWs64KYISDslZ7snLzroZwg7J6YIOu2gO2Dge2VtCwgezB9IQrslrjsoKDqsIAg7ZWo6ruYIOuqqO2XmO2VoCDrgqDsnbQg7Jik66m0IOyii+qyoOuEpCE=,,,,,,,,,,,,,
f153AQ,W+ugiOuFuF0K6re465+8IOyKpOyKueuLmCwg7KCEIOqzhOyGjSDsiJjroKjsnYQg7ZWY65+sIOqwgOuztOqyoOyKteuLiOuLpCE=,,,,,,,,,,,,,
gF53AQ,W+yasOultF0K6re47KCE7JeQIOyeoOq5kCwg7Zi57IucIOq3uCDrqLjrpqwg6ri0IOuFgOyEneydgCDslrTrlJTroZwg6rCU7KeAPwrsnbTrpoTsnbQuLi4=,,,,,,,,,,,,,
gV53AQ,W+ugiOuFuF0KXjRENERGRuujqOuvvF4wMDAwMDAg66eQ7JSA7ZWY7Iuc64qU6rGw7KOgPwrri6Trpbgg6rCV7ZW067O07J2064qUIOyCrOuejOydtOuekSDtgazrpqztiKzrnbwg7ZWZ7JuQ7Jy866GcIOuPjOyVhOqwgOuKlCDqsoMg6rCZ7JWY7Ja07JqUIQ==,,,,,,,,,,,,,
gl53AQ,W+yasOultF0K6re4656YPwrrsozsjaggXjRENERGRuq4sOuzuCDquLDriqVeMDAwMDAw7J2EIOuniOyKpO2EsO2VmOqzoCDsoITsp4HsnYQg7ZWY64KY67O06rWwLgrqt7jrn7wg64SMIOuniOyggCDtm4jroKjsnYQg7ZWY6rOgIOyZgC4=,,,,,,,,,,,,,
g153AQ,W+ugiOuFuF0K64SkIOyKpOyKueuLmCwg7KCEIOqzhOyGjSDsiJjroKjsnYQg7ZWY65+sIOqwgOuztOqyoOyKteuLiOuLpCEK64uk7J2M7JeQIOu0kCx7MH0h,,,,,,,,,,,,,
hF53AQ,7ZWY7ZWrISDrtogg6rCZ7J2AIOuFgOyEneydtOuEpC4=,,,,,,,,,,,,,
hV53AQ,W+yasOultF0K7J206rGwIOuvuOyViO2VmOqyjCDrkJDri6QuCuq3uCDrhYDshJ3snbQg7JuM64KZIOunue2VtOuztOydtOq4uOuemCDrqofqsIDsp4Ag6rCA66W07LOQ7KSA64uk64qU6rKMIOydtOugh+qyjCDrkJjslrTrsoTroLjrhKQu,,,,,,,,,,,,,
hl53AQ,W+yasOultF0K64SI64+EIOyLpOyghOydhCDqsr3tl5jtlZjrn6wg7JmU7Jy864uILCDsoIHri7ntlZwg7YCY7Iqk7Yq466W8IOykmOyVvOqyoOyngC4=,,,,,,,,,,,,,
h153AQ,W+yasOultF0K6re87LKY7JeQ7IScIF40RDRERkbtkovrgrTquLAg7Y+s66eBIDPrp4jrpqxeMDAwMDAw66W8IOyeoeyVhOu0kArtgJjsiqTtirjrpbwg7JmE66OM7ZWY66m0IOuCmO2VnO2FjCDrj4zslYTsmYDshJwg67O06rOg7ZWY64qUIOqygyDsnorsp4Ag66eQ64+E66GdLg==,,,,,,,,,,,,,
iF53AQ,W+yasOultF0K66eM7JW9IO2Si+uCtOq4sCDtj6zrp4HsnYQg7J6h64qU6rKMIOyWtOugteuLpOuptCwg7Iqk7YWM7J207YSw7IqkIO2PrOyduO2KuOulvCDsmKzroKTrtJAuCl4zMTMxRkY8Qz5eMDAwMDAw66W8IOuIjOufrCDsiqTthYzsnbTthLDsiqQg7LC97J2EIOyXtCDsiJgg7J6I7Ja0Lg==,,,,,,,,,,,,,
iV53AQ,W+yasOultF0K7J20IOyImOugqOydtCDrgZ3rgpjrqbQg7KCE7KeB7J2EIO2VoCDthYzri4gg6rCE64uo7Z6IIOyGjOqwnOulvCDtlZjsnpDrqbQK6rKA7IKsLCDsg4HsnbgsIOuPhOuRkeydtCDrkJzri6TrqbQg7KO866GcIOq3vOygkSDrrLzrpqwg6rO16rKp66Cl7J2EIOyYrOugpOyjvOuKlCBeNEQ0REZG7Z6YKFNUUileMDAwMDAw7J2ELArrs7Xsgqzrgpgg66eI67KV7IKs6rCAIOuQnOuLpOuptCDso7zroZwg66eI67KVIOqzteqyqeugpeydhCDsmKzroKTso7zripQgXjRENERGRuyngOuKpShJTlQpXjAwMDAwMOydhCwK6raB7IiY6rCAIOuQnOuLpOuptCDso7zroZwg7JuQ6rGw66asIOusvOumrCDqs7XqsqnroKXsnYQg7Jis66Ck7KO864qUIF40RDRERkbshpzslKgoREVYKV4wMDAwMDDrpbwg7Jis66as6rKMIOuQnOuLpC4=,,,,,,,,,,,,,
il53AQ,W+yasOultF0K6rCBIOyKpO2FjOydtO2EsOyKpOyXkCDrjIDtlZwg7ISk66qF7J2AIOyKpO2FjOydtO2EsOyKpCDssL3snYQg7Je06rOgCl40RDRERkbrp4jsmrDsiqQg7Luk7IScXjAwMDAwMOulvCDsiqTthYzsnbTthLDsiqQg7J2066aE7JeQIOyYrOumrOuptArrjZTsmrEg7J6Q7IS47Z6IIOyVjCDsiJgg7J6I7Jy864uIIOywuOqzoO2VmOuPhOuhnS4=,,,,,,,,,,,,,
i153AQ,W+yasOultF0K6re87LKY7JeQ7IScIF40RDRERkbtkovrgrTquLAg7Y+s66eBIDPrp4jrpqxeMDAwMDAw66W8IOyeoeyVhOu0kC4K7YCY7Iqk7Yq466W8IOyZhOujjO2VmOuptCDrgpjtlZzthYwg64+M7JWE7JmA7IScIOuztOqzoO2VmOuKlCDqsoMg7J6K7KeAIOunkOuPhOuhnS4=,,,,,,,,,,,,,
jF53AQ,W+yasOultF0K7Zi57Iuc64KYIO2Si+uCtOq4sCDtj6zrp4HsnYQg7J6h64qU6rKMIOyWtOugteuLpOuptCwg7Iqk7YWM7J207YSw7IqkIO2PrOyduO2KuOulvCDsmKzroKTrtJAuCl4zMTMxRkY8Qz5eMDAwMDAw66W8IOuIjOufrCDsiqTthYzsnbTthLDsiqQg7LC97J2EIOyXtCDsiJgg7J6I7Ja0Lg==,,,,,,,,,,,,,
jV53AQ,W+yasOultF0K7YCY7Iqk7Yq466W8IOyemCDsiJjtlontlojqtbAuCuqzoOyDnSDrp47slZjslrQuCuyWtOuKkOygleuPhCDsi6TsoITsl5Ag64yA7ZWcIOqwkOydgCDsnbXtmJTqsqDsp4A/,,,,,,,,,,,,,
jl53AQ,W+yasOultF0K6re465+8LCDsp4Hsl4Ug66CI67Ko7J2EIOyYrOugpOykhCDthYzri4gg7Iqk7YKsIOywveydhCDsl7TslrQgXjRENERGRuq4sOuzuCDquLDriqXsnYQgOV4wMDAwMDDquYzsp4Ag7Jis66as6rOgCuyKrOyKrCDsoITsp4HsnYQg7ZWY65+sIOqwgOu0kC4=,,,,,,,,,,,,,
j153AQ,W+yasOultF0K7KeB7JeF7JeQIOuMgO2VnCDquLDrs7jsoIHsnbgg7ISk66qF7J2AIDxOQVZJPlvsiqTtlITrnbztgqRdPElORk8+dHVfYWMwMV9iLDEwMiw0NCwwMDAsMDwvSU5GTz48L05BVkk+6rCAIOuniOyggCDtlbTspITqsbDslbwuCu2bjOulre2VnCDrqqjtl5jqsIDqsIAg65CY6ri4IOq4sOuMgO2VmOuniC4=,,,,,,,,,,,,,
kF53AQ,W+yasOultF0K7Je07Ius7Z6IIO2biOugqO2WiOuCmOuztOq1sCwg64iI7JeQIOudhOqyjCDri6zrnbzsoYzslrQuCuydtOygnCDsoITsp4Eg7KGw6rG07J2EIOuqqOuRkCDstqnsobHtlojsnLzri4gKPE5BVkk+W+yKpO2UhOudvO2CpF08SU5GTz50dV9hYzAxX2IsMTAyLDQ0LDAwMCwwPC9JTkZPPjwvTkFWST7sl5Dqsowg6rCA67SQLgrsoITsp4Hsl5Ag64yA7ZWcIOyekOyEuO2VnCDsnbTslbzquLDripQg6re464WA6rCAIO2VtOykhOqxsOuLpC4=,,,,,,,,,,,,,
kV53AQ,6rCA64GU7J2AIOydtOugh+qyjCDrj4zslYTri6Tri4jripQg6rKD64+EIOq0nOywruq1sC4=,,,,,,,,,,,,,
kl53AQ,66CI64W4,,,,,,,,,,,,,
k153AQ,64uk7J2M7JeUIOyWtOuWpCDsiqTtgqzsnYQg7I2o67O86rmMPw==,,,,,,,,,,,,,
lF53AQ,64uk7L+g7JmA7KaI,,,,,,,,,,,,,
lV53AQ,W+uLpOy/oOyZgOymiF0K7J6g6rmQ66eMLCDsp4DquIjsnYAg7JqU66as7JeQIOynkeykke2VtOyVvCDrj7wh,,,,,,,,,,,,,
ll53AQ,LSDrsJTruaDrs7Tsnbjri6QuIC0=,,,,,,,,,,,,,
l153AQ,7JeQ7YG066CI7Ja0,,,,,,,,,,,,,
mF53AQ,W+yXkO2BtOugiOyWtF0K7JqU66as656AIOunkOydtOyngCwg7J6Q6rOg66GcIOygleyEseydtOuLpCE=,,,,,,,,,,,,,
mV53AQ,67CA7ZGA7Jyg,,,,,,,,,,,,,
ml53AQ,7L2U64Gd7J2EIOyekOq3ue2VmOuKlCDqsbDrtoDtlaAg7IiYIOyXhuuKlCDrg4Tsg4ghIOyalOumrOudvOuKlCDsmrTrqoXsl5Ag7J2064GM66CkIOydtOqzs+yXkCDsmKgg6re464yA66W8IO2ZmOyYge2VnOuLpCE=,,,,,,,,,,,,,
m153AQ,W+uwgO2RgOycoF0K7JWE7JWELCDsmKTrpbzroIjslZnri5jsnYAg7J6YIOqzhOyLpOq5jOyVmT8=,,,,,,,,,,,,,
nF53AQ,7KGw66as7J6l,,,,,,,,,,,,,
nV53AQ,W+yhsOumrOyepV0K7J2MLCDtgazrpqztiKzrnbwg7ZWZ7JuQIOyLoOyeheyDneyduOqwgD8K6re465+8IOyggOq4sCDsnojripQg64uk7L+g7JmA7KaI66W8IO2VnCDrsogg7LC+7JWEIOqwgOu0kC4=,,,,,,,,,,,,,
nl53AQ,W+yhsOumrOyepV0K64KY64+EIOyDpOulvOultCDsmKTrpbzroIjslZnri5jsl5DqsozshJwg6rCA66W07Lmo7J2EIOuwm+yVmOyngC4K66qo65GQ65OkIOuCtOqwgCDrp4zrk6Ag7JqU66as66W8IOuoueqzoCDtlonrs7XtlbTtlojslrQu,,,,,,,,,,,,,
n153AQ,W+yhsOumrOyepV0K7KeA6riI7J2AIOq3uOyggCDtlZnsm5Ag7Iug7J6F7IOdIOuzkeyVhOumrOuTpOyXkOqyjCDrsKXsnYQg66i57J2064qUIOqyg+ydtCDrgpnsnbTsp4Drp4wu,,,,,,,,,,,,,
oF53AQ,67Cw6rOg7ZSIIO2VmeyDnQ==,,,,,,,,,,,,,
oV53AQ,W+uwsOqzoO2UiCDtlZnsg51dCuyXrOq4sOuKlCDso7zrrLjsnYQg7JWIIOuwm+uCmC4uLiDrsozsjagg7ZWcIOyLnOqwhOynvOuNsC4uLgrso7zrrLjsnYQg67Cb7JWE7JW8IO2VoCDsgqzrnozrk6TsnbQg7KCA6riw7IScIOyggOufrOqzoCDsnojsnLzri4guLi4=,,,,,,,,,,,,,
ol53AQ,W+q3vOuhnCDsnqXtlZnsg51dCuyVhCwg7J20IOyCrOuejCDslYTsp4Hrj4Qg7J2065+s6rOgIOyeiOuEpCEhIQrrsLHrsojsnYQg7JaY6riwIO2WiOyeluyVhOyalCEg7Jes6riw64qUIOu3lO2OmOyLneydtOudvOqzoCEhIQ==,,,,,,,,,,,,,
o153AQ,W+uwsOqzoO2UiCDtlZnsg51dCuu3lO2OmD8g6re46rKMIOutkOyXrD8g66i564qUIOqxsOyXrD8K7Iuc67CpIOuCtOqwgCDqsJMg7IOB6rK97ZaI64uk6rOgIOustOyLnO2VmOuKlCDqsbDsl6w/IOutkOyXrD8=,,,,,,,,,,,,,
pF53AQ,W+uwsOqzoO2UiCDtlZnsg51dCuyWtOugpOyatCDrp5Ag7JOw7KeAIOunkOqzoCDsib3qsozsib3qsowg66eQ7ZWY65286rOgIQ==,,,,,,,,,,,,,
pV53AQ,6re866GcIOyepe2VmeyDnQ==,,,,,,,,,,,,,
pl53AQ,W+q3vOuhnCDsnqXtlZnsg51dCuygnOqwgCDrsLHqtbDrjbDshJwg7J287J2EIO2VtOu0pOyngOunjCwg7Jes6ri0IO2Kue2eiOuCmCDsnbTsg4HtlZwg7IKs656M65Ok7J20IOunjuydgCDqsoMg6rCZ7JWE7JqULg==,,,,,,,,,,,,,
p153AQ,64+IIOyXhuuKlCDtlZnsg50=,,,,,,,,,,,,,
qF53AQ,W+uPiCDsl4bripQg7ZWZ7IOdXQrsmpTsppjsnYAg7ZWZ7IudIOqwgOqyqeuPhCDsmKzrnbzshJwuLi4g66i57J2EIOyImCDsnojsnYQg65WMIOunjuydtCDrqLnslrQg65GQ6rOgIOyeiOyngC4=,,,,,,,,,,,,,
qV53AQ,W+uPiCDsl4bripQg7ZWZ7IOdXQrsl6zquLDrj4Qg65Ok7Ja07JioIOyngCDrsozsjaggMjHsi5zqsITsp7jslbwuCuyLnOqwhCDsoJztlZzsnbQg7JeG64qUIOu3lO2OmOyLneydtOudvOyEnCDslrjsoJzquYzsp4Dqs6Ag66i57J2EIOyImCDsnojqsbDrk6Au,,,,,,,,,,,,,
ql53AQ,W+uPiCDsl4bripQg7ZWZ7IOdXQrrqLnqs6Ag7IaM7ZmUIOyLnO2CpOqzoCwg66i56rOgIOyGjO2ZlCDsi5ztgqTqs6AuIO2XpO2XpC0K64SI64+EIOuPmeywuCDtlaDrnpg/,,,,,,,,,,,,,
q153AQ,7LSI67O0,,,,,,,,,,,,,
rF53AQ,7Jqw66asIOygpOuhnO2UvCDqtaztlZjrn6wg6rCZ7J20IOqwgOyekC4g6rCZ7J20IOqwgOuptCDrrZDrk6Ag7ZWgIOyImCDsnojsnYQg6rKDIOqwmeyVhC4=,,,,,,,,,,,,,
rV53AQ,64KY64qUIOygpOuhnO2UvCDqtaztlZjquLAg7J6E66y066W8IOyViOuwm+yVmOuKlOuNsD8=,,,,,,,,,,,,,
rl53AQ,662QPyBBbHQrVe2CpOulvCDriIzrn6zshJwg7J6E66y07LC97J2EIOyXtOyWtOyEnCDtmZXsnbjtlbQg67SQLiDslrTshJwh,,,,,,,,,,,,,
r153AQ,7ZWYLi4uIOustOyKqCDsp4Hsl4XsnYQg6rCA7KC47JW8IOyVnuycvOuhnCDsnbQg7ZeY64Kc7ZWcIOyEuOyDgeyXkOyEnCDrqLnqs6Ag7IK06riwIOuNnCDtnpjrk6TquYw/,,,,,,,,,,,,,
sF53AQ,7KeE66GcIOyDgeuLtOydgCDtlbTrtKTslrQ/,,,,,,,,,,,,,
sV53AQ,7JWE64uIPyDslYTsp4EuIOyWtOuUlOyEnCDtlbQ/,,,,,,,,,,,,,
sl53AQ,7Jes6riwIDLsuLXsl5Ag7Jis65286rCA66m0IOqwgSDsp4Hsl4Ug6rWQ6rSA65Ok7J20IOynhOuhnOyXkCDrjIDtlbTshJwg7IOB64u07ZW07KSYLiDrgpjrj4Qg7KGw6riIIOyghOyXkCDrk6Pqs6Ag7JmU7Ja0Lg==,,,,,,,,,,,,,
s153AQ,64SMIOutkCDtlaAg6rG0642wPw==,,,,,,,,,,,,,
tF53AQ,64+E65GRISEhIOyalCDslZ7sl5DshJwg66eM64KcIOujqOuvvOyduOqwgCDtlZjripQg7JWg6rCAIO2Vj+u5myDslrTrkaDsnZgg6ri47J2EIOqwmeydtCDqsbjslrTqsIDsnpDqs6Ag7ZaI6rGw65OgLiDsg53qsIHrp4wg7ZW064+EIO2UvOqwgCDrgZPsp4Ag7JWK64uIPw==,,,,,,,,,,,,,
tV53AQ,7LSI67O0IOygkOyIoOqwgA==,,,,,,,,,,,,,
tl53AQ,7JyE6riJ7ZWcIOyDge2ZqeyXkOyEnCDtj6zshZjsnbQg7JeG64uk66m0LCDslrTrlrvqsowg7ZW07JW8IO2VmOuKlOyngCDslYTrgpg/IOyYpOyYpCwg67O07J2464ukLCDrs7Tsl6whIOuEiOulvCDsgrTroKQg7KSEIOq3gOyduOydtCE=,,,,,,,,,,,,,
t153AQ,7J6QLCDslrTshJwg7KCAIOyViOyqveyXkCDsnojripQgW+y5mOujjOyCrF3rpbwg7LC+7JWE6rCAIOu0kCEg64SI7JeQ6rKMIOq3gO2VnCDsp4Dsi53snYQg7KSEIOqxsOyVvC4=,,,,,,,,,,,,,
uF53AQ,7Iud64u57JeQ7IScIOqwgOultOyzkOyjvOuKlCDsmpTrpqwsIOuoueyWtCDrtKTslrQ/IO2emOydtCDshp/qs6Ag7LK066Cl7J20IOyii+yVhOynhOuLpOqzoCEg64SI64+EIOuoueyWtCDrtJAhIOyXkOuTnOqwgCDquLDsmrTsnbQg7Iaf7JWE64KY7JqUIQ==,,,,,,,,,,,,,
uV53AQ,64SI66y0IOyii+yVhOyEnCDtlZzrs7TrlLDrpqwg7Iu46rCA66Ck6rOgIOqwgOuwqeuPhCDssZnqsqjsmZTslrQu,,,,,,,,,,,,,
ul53AQ,7IiY7IaN7ISx7J24IO2PrOungeyXkOqyjCDrhpLsnYAg642w66+47KeA66W8IOyjvOqzoCDsi7bri6TrqbQg7ZKN7IaN7ISx7J2YIOustOumrOuhnCDqs7XqsqnsnYQg7ZW07JW8IO2VmOyngC4g7IaN7ISx7JeQIOuMgO2VtCDqtoHquIjtlZjri6TrqbQgW+yGjeyEsSDsoITrrLjqsIBd64uY6ruYIOqwgOu0kC4=,,,,,,,,,,,,,
u153AQ,7Jes6riwIOuqqO2XmOqwgCDquLjrk5wg6rG066y8IOuwlOq5peyXkCDsnojripQg7IKs656M65Ok64+EIOunjOuCmCDrtKTslrQ/IOydtOqyg+yggOqygyDrp47snbQg6rCA66W07LOQ7KO8642Y642wPw==,,,,,,,,,,,,,
vF53AQ,7Iug7J6F7J207JW8PyDqt4Dsl73rhKQuIOuCmOuPhCDrhIjrp4ztlojrjZgg7Iuc7KCI7J20IOyeiOyXiOuKlOuNsC4g7J20IOuqqO2XmOqwgCDquLjrk5zqsIAg7JmV66a9IO2BrOumrO2IrOudvCDslYTsubTrjbDrr7jsmIDrjZgg7Iuc7KCIIOunkOydtOyVvC4g7IS47JuU7J20IOunjuydtCDtnZjroIDsp4Au,,,,,,,,,,,,,
vV53AQ,66qs7Iqk7YSw66W8IOqzteqyqe2VmOuptCDsnpDqvrggTUlTU+qwgCDrnKjripTrjbAg7Ja065a76rKMIO2VmOyngD8=,,,,,,,,,,,,,
vl53AQ,6re465+065WQIOyKpO2FjOydtO2EsOyKpCDssL3snYQg7Je07Ja07IScIERFWOulvCDsooAg7Jis66CkIOu0kC4=,,,,,,,,,,,,,
v153AQ,66qs7Iqk7YSw7JeQ6rKMIO2BsCDrjbDrr7jsp4Drpbwg7KSY7IScIOu5oOultOqyjCDsgqzrg6XtlZjqs6Ag7Iu27J2A642wLg==,,,,,,,,,,,,,
wF53AQ,6re465+8IFNUUuydhCDsmKzroKTslbzqsqDqtazrgpg/IOuCmOuKlCBERVjqsIAg642UIOykkeyalO2VmOuLpOqzoCDsg53qsIHtlZjsp4Drp4wu,,,,,,,,,,,,,
wV53AQ,6rWQ6rSA,,,,,,,,,,,,,
wl53AQ,7YGs66as7Yis6528IOuqqO2XmOqwgCDquLjrk5zsl5Ag7JioIOqyg+ydhCDtmZjsmIHtlbTsmpQuIOq4uOuTnOyXkCDrk7HroZ3snYAg7ZaI7Ja07JqUPw==,,,,,,,,,,,,,
w153AQ,7JWE7KeBIOyViO2WiOq1sOyalD8g7KCA6riwIOyeheq1rOydmCDthYzsnbTruJQg7JWe7JeQIOyEnOyeiOuKlCBb7Iqk7ZSE65287YKkXeudvOuKlCDsgqzrnowg67O07J207KOgPyDslrTshJwg6rCA7IScIOuTseuhneydhCDtlZjqs6Ag64+E7JuA7J2EIOuwm+yVhCDrtJDsmpQu,,,,,,,,,,,,,
xF53AQ,65Ox66Gd7J2EIO2WiOq1sOyalD8g7J6Y7ZaI7Ja07JqULiDsnbTqs7Psl5DshJwg7J2065+w7KCA65+wIOuPhOybgOydhCDrsJvslYQg67SQ7JqULg==,,,,,,,,,,,,,
xV53AQ,7Ja065WM7JqUPyDsoIHsnZHsnYAg7KKAIO2WiOyWtOyalD8g7Ja065akIOqxuCDrsLDsm6DslrTsmpQ/IOuPjOyVhOuLpOuLiOuptOyEnCDqtZDqtIDri5jrk6TtlZzthYwg7Jyg7Jqp7ZWcIOyImOyXheydhCDrsJvsnYQg7IiYIOyeiOycvOuLiOq5jCDqvK0g66eM64KYIOu0kOyalC4=,,,,,,,,,,,,,
xl53AQ,7KCE7KeB7ZWY65+sIOyZlOyWtOyalD8gMuy4teyXkCDsmKzrnbzqsIDrqbQg6rCBIOyngeyXheuzhOuhnCDqtZDqtIDrk6TsnYQg66eM64KY7IScIOyngeyXheyXkCDrjIDtlbTshJwg7ISk66qF7J2EIOuTpOydhCDsiJjrj4Qg7J6I6rOgIOyghOyngeuPhCDtlaAg7IiYIOyeiOyWtOyalC4=,,,,,,,,,,,,,
x153AQ,7KKL7JWE7JqULiDsnpjtlZjqs6Ag7J6I7Ja07JqULiDsp4DquIgg7J2064yA66Gc66eMIO2VmOuptCDquIjrsKkg7KCE7KeB7ZWgIOyImCDsnojqsqDslrTsmpQu,,,,,,,,,,,,,
yF53AQ,7J206rOz7J2AIOyYiOyghOyXkOuKlCDsmZXrpr0g7YGs66as7Yis6528IOyVhOy5tOuNsOuvuOyYgOyjoC4g7KeA6riI7J2AIOuCmeybkOuLqOydmCDtnJjtlZjsl5Ag66qo7ZeY6rCAIOq4uOuTnOuhnCDrsJTrgIzslrQg7KKAIOuNlCDsoITrrLjshLHsnYQg652g6rKMIOuQmOyXiOyngOyalC4=,,,,,,,,,,,,,
yV53AQ,7KCV66eQIOydtCDrqqjtl5jqsIAg6ri465Oc7JeQIOuTseuhneydhCDtlZjrqbQg7LSI67O0IOyLnOygiOyXkCDtlYTsmpTtlZwg64+E7JuA7J2EIOuwm+ydhCDsiJgg7J6I7Ja0PyDrp4ksIOupgOumrCDtjJTroKTrgpjqsIDripQg6rG0IOyVhOuLiOyngD8=,,,,,,,,,,,,,
yl53AQ,7JWE64uI65286rOgISDsgqzrnowg66eQIOyigCDrr7/snLzrnbzqs6Ah,,,,,,,,,,,,,
y153AQ,7Jes6riw7JeQIOuTseuhneydhCDtlZjrqbQg65Cc64uk6rOgPyDqt7jsuZjrp4wg64K06rCAIOuCqOuTpOqzvCDrmJHqsJnsnYAg6ri47J2EIOqwiCDtlYTsmpTqsIAg7J6I7J2E6rmMPyDsv6Dsv6Dsv6AuLi4g64KcIOuCqOuTpOqzvCDri6Trpbgg6ri47J2EIOqwgOqyoOyWtCE=,,,,,,,,,,,,,
zF53AQ,7JaYIOuYkCDsi5zsnpHsnbTri6Qu,,,,,,,,,,,,,
zV53AQ,7J6QLCDrgpjripQg66qo7ZeY6rCAIOq4uOuTnOyXkCDrk7HroZ3snYQg7ZaI7Jy864uIIOuLpOuTpCDslrTshJwg65Ox66Gd7J2EIO2VmOqzoCDruaDrpbTqsowg66qo7ZeY7J2EIOyLnOyeke2VmOyekOqzoCE=,,,,,,,,,,,,,
zl53AQ,7ISg67Cw,,,,,,,,,,,,,
z153AQ,6reA7Jes7Jq0IOuFuOu5hOyKpOuEpD8g7KeB7JeF7J2AIOygle2WiOyWtD8g7JWE7KeBIOyViOygle2WiOuLpOqzoD8g6re465+8IOuzteyCrOqwgCDrkJjripQg6rKD7J2AIOyWtOuVjD8g67O07KGwIOyXre2VoOydhCDtlaAg7IiY64+EIOyeiOyngOunjCwg7KCE7Yis64+EIO2VoCDsiJgg7J6I64uk6rOgIQ==,,,,,,,,,,,,,
0F53AQ,6reA7Jes7Jq0IOuFuOu5hOyKpOuEpD8g64W467mE7IqkIOuzteyepSDrhIjrrLQg6reA7Je97KeAIOyViuyVhD8g64KY64qUIOydtCDrs7XsnqXsnbQg64SI66y0IOyii+yVhOyEnCDtj4nsg50g64uk66W4IOyngeyXheuPhCDslYjqsIDsp4Dqs6Ag64W467mE7Iqk66W8IO2VmOqzoCDsi7bri6Tri4jquYwu,,,,,,,,,,,,,
0V53AQ,6re46rGwLCDtj4nsg50g67Cx7IiY6rCAIOuQmOqzoCDsi7bri6TripQg65y77J207JW8Pw==,,,,,,,,,,,,,
0l53AQ,64uk66W06rGw65OgISDsiojtjbwg64W467mE7Iqk65286rOgISDsiojtjbwg64W467mE7IqkIQ==,,,,,,,,,,,,,
0153AQ,7Zi57IucIOyKpO2FjOydtO2EsOyKpOuCmCDsiqTtgqzsnYQg7J6Y66q7IOyYrOuguOuLpOuptCDrhIjrrLQg6rGx7KCV7ZWY7KeAIOyViuyVhOuPhCDrj7wuIOqxtOusvCDrsJbsnLzroZwg64KY6rCA66m0IOy1nOuptOyIoOyCrOudvOuKlCDsgqzrnozsnbQg7J6I64qU642wIOq3uCDsgqzrnozsl5Dqsowg66eQ7J2EIOqxuOuptCDrqqjrkZAg7LSI6riw7ZmU66W8IO2VtOyjvOqxsOuToC4=,,,,,,,,,,,,,
1F53AQ,7Ja066Ck7Jq0IOydvOydtCDsg53quLDrqbQg7Iqk7ZSE65287YKk7JmAIOyDgeydmO2VtCDrtJAu,,,,,,,,,,,,,
1V53AQ,7Jm467aA7J24,,,,,,,,,,,,,
1l53AQ,66+465Oc6rCA66W065Oc7JeQ7ISc64qUIOydtOqzs+yXkOyEnCDstIjrs7TsnpDrk6TsnYQg7ZuI66Co7Iuc7YKk64qU6rWs64KYLiDsoovsnYAg6rOz7J207JW8LiDslYTso7wg7KKL7J2AIOqzs+ydtOyVvC4=,,,,,,,,,,,,,
1153AQ,67O06rOg7Iu264uk6rOgIO2VtOyEnCDrjbDrpqzqs6Ag7JmU642U64uILCDrhIjrrLQg65GQ66as67KI6rGw66as7KeAIOunkOudvOqzoCE=,,,,,,,,,,,,,
2F53AQ,7Jes6riw6rCAIOuCtOqwgCDstIjrs7TsnpAg7Iuc7KCI7JeQIO2biOugqOydhCDrsJvslZjrjZgg6rOz7J207JW8Lg==,,,,,,,,,,,,,
2V53AQ,7KKL7JWEIOuztOydtOuEpC4g64KY64+EIOyXrOq4sOyEnCDtm4jroKgg67Cb7J2EIOyImCDsnojrgpg/,,,,,,,,,,,,,
2l53AQ,7J207KCgIOy0iOuztOyekOuPhCDslYTri4zrjbAg66y07IqoIOy0iOuztOyekCDtm4jroKjsnYQg67Cb6rKg64uk6rOgIOq3uOuemD8=,,,,,,,,,,,,,
2153AQ,64+E656M7JeQ6rKM64+EIOuYkeqwmeydgCDqtZDsnKHsnZgg6riw7ZqM66W8IOykmOudvCwg7KSYIQ==,,,,,,,,,,,,,
3F53AQ,64qQ66awIOyasOyytO2GtQ==,,,,,,,,,,,,,
3V53AQ,66+4656Y7J2YIOuLueyLoOyXkOqyjCDsl73shJzrpbwg67O064K07IS47JqUIQ==,,,,,,,,,,,,,
3l53AQ,7KCR7IiY7ZWY7JiA7Iq164uI64ukLiDtlZjsp4Drp4wg64SI66y0IOq4sOuLpOumrOynhCDrp4jshLjsmpQuIOyWuOygnCDrj4TssKntlaDsp4Ag66qo66W064uI6rmM7JqUISDsmKTripjrj4Qg7KaQ6rGw7Jq0IOuqqO2XmCDtlZjshLjsmpQh,,,,,,,,,,,,,
